["port 1","LEFT"]
["port 2","RIGHT"]
("port 1","mode 1",1,"port 1",1,"transmission")
(302, 3)
1.8737028625000000e+14 4.1177353514299875e-03 1.9446747332997520e+00
1.8741206334838350e+14 4.0489102459618431e-03 1.9876971648571922e+00
1.8745384044676700e+14 3.9798478292153707e-03 2.0325339884224811e+00
1.8749561754515050e+14 3.9109011334970984e-03 2.0793031766902179e+00
1.8753739464353400e+14 3.8424724165365435e-03 2.1281266273803885e+00
1.8757917174191750e+14 3.7750178555290520e-03 2.1791282130005993e+00
1.8762094884030100e+14 3.7090521061033661e-03 2.2324310255163615e+00
1.8766272593868450e+14 3.6451524363988559e-03 2.2881536431922940e+00
1.8770450303706800e+14 3.5839620402721177e-03 2.3464052550309180e+00
1.8774628013545150e+14 3.5261920140935315e-03 2.4072795161501075e+00
1.8778805723383500e+14 3.4726213600218062e-03 2.4708470895180681e+00
1.8782983433221850e+14 3.4240942758162946e-03 2.5371469703612060e+00
1.8787161143060200e+14 3.3815139391840496e-03 2.6061768994166896e+00
1.8791338852898550e+14 3.3458320360389348e-03 2.6778834478403972e+00
1.8795516562736900e+14 3.3180334646582973e-03 2.7521526753365175e+00
1.8799694272575250e+14 3.2991160120172621e-03 2.8288025679616884e+00
1.8803871982413600e+14 3.2900653574269808e-03 2.9075786635580960e+00
1.8808049692251950e+14 3.2918264743047616e-03 2.9881542616099255e+00
1.8812227402090300e+14 3.3052732680229550e-03 3.0701362947420483e+00
1.8816405111928650e+14 3.3311789380015815e-03 3.1530772784492833e+00
1.8820582821767000e+14 3.3701898899063049e-03 3.2364928292663997e+00
1.8824760531605350e+14 3.4228058923320547e-03 3.3198832437332486e+00
1.8828938241443700e+14 3.4893685245671068e-03 3.4027568280928668e+00
1.8833115951282050e+14 3.5700589020102856e-03 3.4846523053235585e+00
1.8837293661120400e+14 3.6649044279567088e-03 3.5651578188704791e+00
1.8841471370958750e+14 3.7737931924776446e-03 3.6439247387237934e+00
1.8845649080797100e+14 3.8964938601549200e-03 3.7206754417502275e+00
1.8849826790635450e+14 4.0326785747711348e-03 3.7952052129137672e+00
1.8854004500473800e+14 4.1819465370555907e-03 3.8673791723198119e+00
1.8858182210312150e+14 4.3438463550204698e-03 3.9371255608210434e+00
1.8862359920150500e+14 4.5178958600777886e-03 4.0044268167780022e+00
1.8866537629988853e+14 4.7035986784590327e-03 4.0693097299953971e+00
1.8870715339827203e+14 4.9004573483354477e-03 4.1318356754861805e+00
1.8874893049665553e+14 5.1079831346379813e-03 4.1920916076336603e+00
1.8879070759503903e+14 5.3257029145603613e-03 4.2501822014217279e+00
1.8883248469342253e+14 5.5531636106422120e-03 4.3062232954434805e+00
1.8887426179180603e+14 5.7899346677783483e-03 4.3603366294849861e+00
1.8891603889018953e+14 6.0356090369890524e-03 4.4126457703748896e+00
1.8895781598857303e+14 6.2898030677578029e-03 4.4632730696060490e+00
1.8899959308695653e+14 6.5521556399344991e-03 4.5123374801255745e+00
1.8904137018534003e+14 6.8223267967981345e-03 4.5599530648898483e+00
1.8908314728372353e+14 7.0999960788479949e-03 4.6062280466193570e+00
1.8912492438210703e+14 7.3848607056630038e-03 4.6512642700101523e+00
1.8916670148049053e+14 7.6766337111107141e-03 4.6951569703079148e+00
1.8920847857887403e+14 7.9750421044450792e-03 4.7379947632867907e+00
1.8925025567725753e+14 8.2798251050215967e-03 4.7798597901771300e+00
1.8929203277564103e+14 8.5907324800884467e-03 4.8208279666114997e+00
1.8933380987402453e+14 8.9075230019229033e-03 4.8609692972794054e+00
1.8937558697240803e+14 9.2299630313462926e-03 4.9003482280070667e+00
1.8941736407079153e+14 9.5578252283853391e-03 4.9390240147889637e+00
1.8945914116917503e+14 9.8908873866549157e-03 4.9770510952826843e+00
1.8950091826755853e+14 1.0228931385561805e-02 5.0144794528052286e+00
1.8954269536594203e+14 1.0571742252895890e-02 5.0513549662390655e+00
1.8958447246432553e+14 1.0919107329759089e-02 5.0877197417380824e+00
1.8962624956270903e+14 1.1270815529552189e-02 5.1236124239203793e+00
1.8966802666109253e+14 1.1626656682974681e-02 5.1590684855121021e+00
1.8970980375947603e+14 1.1986420961327134e-02 5.1941204953063664e+00
1.8975158085785953e+14 1.2349898370932312e-02 5.2287983648990011e+00
1.8979335795624303e+14 1.2716878312063086e-02 5.2631295750676887e+00
1.8983513505462653e+14 1.3087149196326036e-02 5.2971393828960167e+00
1.8987691215301003e+14 1.3460498117048714e-02 5.3308510108836105e+00
1.8991868925139353e+14 1.3836710567741238e-02 5.3642858193358736e+00
1.8996046634977703e+14 1.4215570204228714e-02 5.3974634633324925e+00
1.9000224344816053e+14 1.4596858646529964e-02 5.4304020355386822e+00
1.9004402054654403e+14 1.4980355316957596e-02 5.4631181960706456e+00
1.9008579764492753e+14 1.5365837311340533e-02 5.4956272905540251e+00
1.9012757474331103e+14 1.5753079300576449e-02 5.5279434574387274e+00
1.9016935184169453e+14 1.6141853460066562e-02 5.5600797255542558e+00
1.9021112894007803e+14 1.6531929424825551e-02 5.5920481028091489e+00
1.9025290603846153e+14 1.6923074268334549e-02 5.6238596568611827e+00
1.9029468313684503e+14 1.7315052503390611e-02 5.6555245885132370e+00
1.9033646023522853e+14 1.7707626103404706e-02 5.6870522985190286e+00
1.9037823733361203e+14 1.8100554542774778e-02 5.7184514484195859e+00
1.9042001443199553e+14 1.8493594855085747e-02 5.7497300159736735e+00
1.9046179153037903e+14 1.8886501708026682e-02 5.7808953456884389e+00
1.9050356862876253e+14 1.9279027494020069e-02 5.8119541949110411e+00
1.9054534572714603e+14 1.9670922435655644e-02 5.8429127758939590e+00
1.9058712282552953e+14 2.0061934705105533e-02 5.8737767942072363e+00
1.9062889992391303e+14 2.0451810556756687e-02 5.9045514838357969e+00
1.9067067702229653e+14 2.0840294472382604e-02 5.9352416392637348e+00
1.9071245412068003e+14 2.1227129318197788e-02 5.9658516448205665e+00
1.9075423121906353e+14 2.1612056513208952e-02 5.9963855015360972e+00
1.9079600831744703e+14 2.1994816208310463e-02 6.0268468517264937e+00
1.9083778541583053e+14 2.2375147475580694e-02 6.0572390015125723e+00
1.9087956251421403e+14 2.2752788507296576e-02 6.0875649414525039e+00
1.9092133961259753e+14 2.3127476824192729e-02 6.1178273654520643e+00
1.9096311671098103e+14 2.3498949492485221e-02 6.1480286881007622e+00
1.9100489380936453e+14 2.3866943349235042e-02 6.1781710605687854e+00
1.9104667090774803e+14 2.4231195235610809e-02 6.2082563851844066e+00
1.9108844800613153e+14 2.4591442237618565e-02 6.2382863288028965e+00
1.9113022510451506e+14 2.4947421933879492e-02 6.2682623350658444e+00
1.9117200220289856e+14 2.5298872650040334e-02 6.2981856356404951e+00
1.9121377930128206e+14 2.5645533719396593e-02 6.3280572605217928e+00
1.9125555639966556e+14 2.5987145749300593e-02 6.3578780474700887e+00
1.9129733349804906e+14 2.6323450892940449e-02 6.3876486506525358e+00
1.9133911059643256e+14 2.6654193126062320e-02 6.4173695485487370e+00
1.9138088769481606e+14 2.6979118528201906e-02 6.4470410511761820e+00
1.9142266479319956e+14 2.7297975567981553e-02 6.4766633066860901e+00
1.9146444189158306e+14 2.7610515392043143e-02 6.5062363073749330e+00
1.9150621898996656e+14 2.7916492117147505e-02 6.5357598951534683e+00
1.9154799608835006e+14 2.8215663124982786e-02 6.5652337665110538e+00
1.9158977318673356e+14 2.8507789359226696e-02 6.5946574770096538e+00
1.9163155028511706e+14 2.8792635624351307e-02 6.6240304453378611e+00
1.9167332738350056e+14 2.9069970885735156e-02 6.6533519569547837e+00
1.9171510448188406e+14 2.9339568570522747e-02 6.6826211673474480e+00
1.9175688158026756e+14 2.9601206868785680e-02 6.7118371049265635e+00
1.9179865867865106e+14 2.9854669034437915e-02 6.7409986735803828e+00
1.9184043577703456e+14 3.0099743685399936e-02 6.7701046549062704e+00
1.9188221287541806e+14 3.0336225102484623e-02 6.7991537101366015e+00
1.9192398997380156e+14 3.0563913526476093e-02 6.8281443817741421e+00
1.9196576707218506e+14 3.0782615452854240e-02 6.8570750949508570e+00
1.9200754417056856e+14 3.0992143923647315e-02 6.8859441585215375e+00
1.9204932126895206e+14 3.1192318815852726e-02 6.9147497659035908e+00
1.9209109836733556e+14 3.1382967125892350e-02 6.9434899956714968e+00
1.9213287546571906e+14 3.1563923249567964e-02 6.9721628119147310e+00
1.9217465256410256e+14 3.1735029256965530e-02 7.0007660643650791e+00
1.9221642966248606e+14 3.1896135161791316e-02 7.0292974882999149e+00
1.9225820676086956e+14 3.2047099184603155e-02 7.0577547042254318e+00
1.9229998385925306e+14 3.2187788009427107e-02 7.0861352173436831e+00
1.9234176095763656e+14 3.2318077033252887e-02 7.1144364168062504e+00
1.9238353805602006e+14 3.2437850607912037e-02 7.1426555747558460e+00
1.9242531515440356e+14 3.2547002273869891e-02 7.1707898451573318e+00
1.9246709225278706e+14 3.2645434985472975e-02 7.1988362624175997e+00
1.9250886935117056e+14 3.2733061327204979e-02 7.2267917397938621e+00
1.9255064644955406e+14 3.2809803720567070e-02 7.2546530675891630e+00
1.9259242354793756e+14 3.2875594621154691e-02 7.2824169111320227e+00
1.9263420064632106e+14 3.2930376705619123e-02 7.3100798085384966e+00
1.9267597774470456e+14 3.2974103048155477e-02 7.3376381682521066e+00
1.9271775484308806e+14 3.3006737286246673e-02 7.3650882663584278e+00
1.9275953194147156e+14 3.3028253775393097e-02 7.3924262436691111e+00
1.9280130903985506e+14 3.3038637732634435e-02 7.4196481025707817e+00
1.9284308613823856e+14 3.3037885368669660e-02 7.4467497036332055e+00
1.9288486323662206e+14 3.3026004008470840e-02 7.4737267619709638e+00
1.9292664033500556e+14 3.3003012200275676e-02 7.5005748433528119e+00
1.9296841743338906e+14 3.2968939812970721e-02 7.5272893600526878e+00
1.9301019453177256e+14 3.2923828121839249e-02 7.5538655664362162e+00
1.9305197163015606e+14 3.2867729882767295e-02 7.5802985542770598e+00
1.9309374872853956e+14 3.2800709395027376e-02 7.6065832477972322e+00
1.9313552582692306e+14 3.2722842552798490e-02 7.6327143984266916e+00
1.9317730292530656e+14 3.2634216885687128e-02 7.6586865792773366e+00
1.9321908002369006e+14 3.2534931588497337e-02 7.6844941793287926e+00
1.9326085712207356e+14 3.2425097540620007e-02 7.7101313973229040e+00
1.9330263422045706e+14 3.2304837315426820e-02 7.7355922353672533e+00
1.9334441131884056e+14 3.2174285180120249e-02 7.7608704922485057e+00
1.9338618841722406e+14 3.2033587086552434e-02 7.7859597564598388e+00
1.9342796551560756e+14 3.1882900653555347e-02 7.8108533989488382e+00
1.9346974261399106e+14 3.1722395141401571e-02 7.8355445655966616e+00
1.9351151971237456e+14 3.1552251419037773e-02 7.8600261694422926e+00
1.9355329681075806e+14 3.1372661924782011e-02 7.8842908826717508e+00
1.9359507390914156e+14 3.1183830621226594e-02 7.9083311283973270e+00
1.9359660086208747e+14 3.1176756504890869e-02 7.9092054473697324e+00
1.9363532405457916e+14 3.0993360705737980e-02 7.9312730347060185e+00
1.9363685100752506e+14 3.0985972636883127e-02 7.9321390291991900e+00
1.9367862810590856e+14 3.0779314770107157e-02 7.9557064827370079e+00
1.9372040520429209e+14 3.0564095530530036e-02 7.9790251562986345e+00
1.9376218230267559e+14 3.0340564441033363e-02 8.0020863914537657e+00
1.9380395940105909e+14 3.0108982263812104e-02 8.0248812378676604e+00
1.9384573649944259e+14 2.9869620937023528e-02 8.0474004448206173e+00
1.9388751359782609e+14 2.9622763511176334e-02 8.0696344529599653e+00
1.9392929069620959e+14 2.9368704085962465e-02 8.0915733864065711e+00
1.9397106779459309e+14 2.9107747748203936e-02 8.1132070453573419e+00
1.9401284489297659e+14 2.8840210511483791e-02 8.1345248993509980e+00
1.9405462199136009e+14 2.8566419257921621e-02 8.1555160813897842e+00
1.9409639908974359e+14 2.8286711682413600e-02 8.1761693831416302e+00
1.9413817618812709e+14 2.8001436239502433e-02 8.1964732514801444e+00
1.9417995328651059e+14 2.7710952092827156e-02 8.2164157866586507e+00
1.9422173038489409e+14 2.7415629066842136e-02 8.2359847424559440e+00
1.9426350748327759e+14 2.7115847600239457e-02 8.2551675286785908e+00
1.9430528458166109e+14 2.6811998700132848e-02 8.2739512164539022e+00
1.9434706168004459e+14 2.6504483895674228e-02 8.2923225468045505e+00
1.9438883877842809e+14 2.6193715189326346e-02 8.3102679430525068e+00
1.9443061587681159e+14 2.5880115003456938e-02 8.3277735276653146e+00
1.9447239297519509e+14 2.5564116119341784e-02 8.3448251442205272e+00
1.9451417007357859e+14 2.5246161604957983e-02 8.3614083852341352e+00
1.9455594717196209e+14 2.4926704727203052e-02 8.3775086266651435e+00
1.9459772427034559e+14 2.4606208843294827e-02 8.3931110699754790e+00
1.9463950136872909e+14 2.4285147265179854e-02 8.4082007926863351e+00
1.9468127846711259e+14 2.3964003089737340e-02 8.4227628084264801e+00
1.9472305556549609e+14 2.3643268986449976e-02 8.4367821375106224e+00
1.9476483266387959e+14 2.3323446933039185e-02 8.4502438891113698e+00
1.9480660976226309e+14 2.3005047888292177e-02 8.4631333560898607e+00
1.9484838686064659e+14 2.2688591390075542e-02 8.4754361235211313e+00
1.9489016395903009e+14 2.2374605065222240e-02 8.4871381918827602e+00
1.9493194105741359e+14 2.2063624036782446e-02 8.4982261157559904e+00
1.9497371815579709e+14 2.1756190213002499e-02 8.5086871587141619e+00
1.9501549525418059e+14 2.1452851441453997e-02 8.5185094648234649e+00
1.9505727235256409e+14 2.1154160511057677e-02 8.5276822468561804e+00
1.9509904945094759e+14 2.0860673984468732e-02 8.5361959908940932e+00
1.9514082654933109e+14 2.0572950843401595e-02 8.5440426764853203e+00
1.9518260364771459e+14 2.0291550930341677e-02 8.5512160108925119e+00
1.9522438074609809e+14 2.0017033171556568e-02 8.5577116752479157e+00
1.9526615784448159e+14 1.9749953568803900e-02 8.5635275796037806e+00
1.9530793494286509e+14 1.9490862950551434e-02 8.5686641229632130e+00
1.9534971204124859e+14 1.9240304478103973e-02 8.5731244534100561e+00
1.9539148913963209e+14 1.8998810907847129e-02 8.5769147224704714e+00
1.9543326623801559e+14 1.8766901617789107e-02 8.5800443268823940e+00
1.9547504333639909e+14 1.8545079414812250e-02 8.5825261300770777e+00
1.9551682043478259e+14 1.8333827148277526e-02 8.5843766549705283e+00
1.9555859753316609e+14 1.8133604165674205e-02 8.5856162391964723e+00
1.9560037463154959e+14 1.7944842656495173e-02 8.5862691437701315e+00
1.9564215172993309e+14 1.7767943941048255e-02 8.5863636064330748e+00
1.9568392882831659e+14 1.7603274770786829e-02 8.5859318316596092e+00
1.9572570592670009e+14 1.7451163715408665e-02 8.5850099105457680e+00
1.9576748302508359e+14 1.7311897718770005e-02 8.5836376655666662e+00
1.9580926012346709e+14 1.7185718909741136e-02 8.5818584174446642e+00
1.9585103722185059e+14 1.7072821755107929e-02 8.5797186740488574e+00
1.9589281432023409e+14 1.6973350638847817e-02 8.5772677442229650e+00
1.9593459141861759e+14 1.6887397945443312e-02 8.5745572825530250e+00
1.9597636851700109e+14 1.6815002714261663e-02 8.5716407741475873e+00
1.9601814561538459e+14 1.6756149917766680e-02 8.5685729713001511e+00
1.9605992271376809e+14 1.6710770398983985e-02 8.5654092962383253e+00
1.9610169981215159e+14 1.6678741484056094e-02 8.5622052258517023e+00
1.9614347691053512e+14 1.6659888264956593e-02 8.5590156752052895e+00
1.9618525400891862e+14 1.6653985526638469e-02 8.5558943967041792e+00
1.9622703110730212e+14 1.6660760273226303e-02 8.5528934109849359e+00
1.9626880820568562e+14 1.6679894790443742e-02 8.5500624840205575e+00
1.9631058530406912e+14 1.6711030167184275e-02 8.5474486626774038e+00
1.9635236240245262e+14 1.6753770188632680e-02 8.5450958782162996e+00
1.9639413950083612e+14 1.6807685507001967e-02 8.5430446241968205e+00
1.9643591659921962e+14 1.6872317993806341e-02 8.5413317121216750e+00
1.9647769369760312e+14 1.6947185179395724e-02 8.5399901051528424e+00
1.9651947079598662e+14 1.7031784690789122e-02 8.5390488275015564e+00
1.9656124789437012e+14 1.7125598606997819e-02 8.5385329447712266e+00
1.9660302499275362e+14 1.7228097661325738e-02 8.5384636086946060e+00
1.9664480209113712e+14 1.7338745231690850e-02 8.5388581583912071e+00
1.9668657918952062e+14 1.7457001072315004e-02 8.5397302694679968e+00
1.9672835628790412e+14 1.7582324752223842e-02 8.5410901419653964e+00
1.9677013338628762e+14 1.7714178777656998e-02 8.5429447182353790e+00
1.9681191048467112e+14 1.7852031386055772e-02 8.5452979222663092e+00
1.9685368758305462e+14 1.7995359008614393e-02 8.5481509126461184e+00
1.9689546468143812e+14 1.8143648406308173e-02 8.5515023422069927e+00
1.9693724177982162e+14 1.8296398490668029e-02 8.5553486183435936e+00
1.9697901887820512e+14 1.8453121845581039e-02 8.5596841589838029e+00
1.9702079597658862e+14 1.8613345969957458e-02 8.5645016401585536e+00
1.9706257307497212e+14 1.8776614263525681e-02 8.5697922320371411e+00
1.9710435017335562e+14 1.8942486779328714e-02 8.5755458211281717e+00
1.9714612727173912e+14 1.9110540766990390e-02 8.5817512170881969e+00
1.9718790437012262e+14 1.9280371030535499e-02 8.5883963432169832e+00
1.9722968146850612e+14 1.9451590123805176e-02 8.5954684102500973e+00
1.9727145856688962e+14 1.9623828405274081e-02 8.6029540734939527e+00
1.9731323566527312e+14 1.9796733972644684e-02 8.6108395736865067e+00
1.9735501276365662e+14 1.9969972495939334e-02 8.6191108622279522e+00
1.9739678986204012e+14 2.0143226966078190e-02 8.6277537116088290e+00
1.9743856696042362e+14 2.0316197374234492e-02 8.6367538119905820e+00
1.9748034405880712e+14 2.0488600335495145e-02 8.6460968549676380e+00
1.9752212115719062e+14 2.0660168668772513e-02 8.6557686055742309e+00
1.9756389825557412e+14 2.0830650943350047e-02 8.6657549636015574e+00
1.9760567535395762e+14 2.0999811001035044e-02 8.6760420152684148e+00
1.9764745245234112e+14 2.1167427461597721e-02 8.6866160762482121e+00
1.9768922955072462e+14 2.1333293217986875e-02 8.6974637270019297e+00
1.9773100664910812e+14 2.1497214926790225e-02 8.7085718413065401e+00
1.9777278374749162e+14 2.1659012498465784e-02 8.7199276088008233e+00
1.9781456084587512e+14 2.1818518591037395e-02 8.7315185523043564e+00
1.9785633794425862e+14 2.1975578110282012e-02 8.7433325405965157e+00
1.9789811504264212e+14 2.2130047718772614e-02 8.7553577972777461e+00
1.9793989214102562e+14 2.2281795355636354e-02 8.7675829062707979e+00
1.9798166923940912e+14 2.2430699768441288e-02 8.7799968144611640e+00
1.9802344633779262e+14 2.2576650058219488e-02 8.7925888319197849e+00
1.9806522343617612e+14 2.2719545238326404e-02 8.8053486301003954e+00
1.9810700053455962e+14 2.2859293807578271e-02 8.8182662383559602e+00
1.9814877763294312e+14 2.2995813337853516e-02 8.8313320390776262e+00
1.9819055473132662e+14 2.3129030076199941e-02 8.8445367617183415e+00
1.9823233182971012e+14 2.3258878561311584e-02 8.8578714759321322e+00
1.9827410892809362e+14 2.3385301254134908e-02 8.8713275840258792e+00
1.9831588602647712e+14 2.3508248182269421e-02 8.8848968128944783e+00
1.9835766312486062e+14 2.3627676597744975e-02 8.8985712055853270e+00
1.9839944022324412e+14 2.3743550647728342e-02 8.9123431126172790e+00
1.9844121732162762e+14 2.3855841057636724e-02 8.9262051831583324e+00
1.9848299442001112e+14 2.3964524826142270e-02 8.9401503561514399e+00
1.9852477151839462e+14 2.4069584931522690e-02 8.9541718514623625e+00
1.9856654861677812e+14 2.4171010048799617e-02 8.9682631611106416e+00
1.9860832571516162e+14 2.4268794277120694e-02 8.9824180406339895e+00
1.9865010281354512e+14 2.4362936876836550e-02 8.9966305006263774e+00
1.9869187991192862e+14 2.4453442015735082e-02 9.0108947984819530e+00
1.9873365701031212e+14 2.4540318523925356e-02 9.0252054303695886e+00
1.9877543410869566e+14 2.4623579656859670e-02 9.0395571234569054e+00
1.9881721120707916e+14 2.4703242866007086e-02 9.0539448283963466e+00
1.9885898830546266e+14 2.4779329576741140e-02 9.0683637120830216e+00
1.9890076540384616e+14 2.4851864972979181e-02 9.0828091506875630e+00
1.9894254250222966e+14 2.4920877788183148e-02 9.0972767229670808e+00
1.9898431960061316e+14 2.4986400102324120e-02 9.1117622038509900e+00
1.9902609669899666e+14 2.5048467144451015e-02 9.1262615582992428e+00
1.9906787379738016e+14 2.5107117100543353e-02 9.1407709354262714e+00
1.9910965089576366e+14 2.5162390926315573e-02 9.1552866628834568e+00
1.9915142799414716e+14 2.5214332164711285e-02 9.1698052414907316e+00
1.9919320509253066e+14 2.5262986767823951e-02 9.1843233401079676e+00
1.9923498219091416e+14 2.5308402923011127e-02 9.1988377907342933e+00
1.9927675928929766e+14 2.5350630883002549e-02 9.2133455838240632e+00
1.9931853638768116e+14 2.5389722799810423e-02 9.2278438638072728e+00
1.9936031348606466e+14 2.5425732562302499e-02 9.2423299248010924e+00
1.9940209058444816e+14 2.5458715637282327e-02 9.2568012065004126e+00
1.9944386768283166e+14 2.5488728913988977e-02 9.2712552902331389e+00
1.9948564478121516e+14 2.5515830551909754e-02 9.2856898951679732e+00
1.9952742187959866e+14 2.5540079831851543e-02 9.3001028746606380e+00
1.9956919897798216e+14 2.5561537010216042e-02 9.3144922127260461e+00
1.9961097607636566e+14 2.5580263176458347e-02 9.3288560206227906e+00
1.9965275317474916e+14 2.5596320113718190e-02 9.3431925335378025e+00
1.9969453027313266e+14 2.5609770162632890e-02 9.3575001073582840e+00
1.9973630737151616e+14 2.5620676088363804e-02 9.3717772155192609e+00
1.9977808446989966e+14 2.5629100950872275e-02 9.3860224459146941e+00
1.9981986156828316e+14 2.5635107978502207e-02 9.4002344978613923e+00
1.9986163866666666e+14 2.5638760444951860e-02 9.4144121791044668e+00
("port 1","mode 1",1,"port 2",1,"transmission")
(302, 3)
1.8737028625000000e+14 2.2034634452447949e-01 2.3716698109993484e+00
1.8741206334838350e+14 2.2317083003770818e-01 2.4160014341681362e+00
1.8745384044676700e+14 2.2604597472188614e-01 2.4605566126281362e+00
1.8749561754515050e+14 2.2897090537568957e-01 2.5053356208764446e+00
1.8753739464353400e+14 2.3194472175879499e-01 2.5503383465361193e+00
1.8757917174191750e+14 2.3496649943726514e-01 2.5955643186537549e+00
1.8762094884030100e+14 2.3803529235169865e-01 2.6410127354109965e+00
1.8766272593868450e+14 2.4115013512654918e-01 2.6866824909935376e+00
1.8770450303706800e+14 2.4431004514475627e-01 2.7325722014197846e+00
1.8774628013545150e+14 2.4751402441617476e-01 2.7786802291854760e+00
1.8778805723383500e+14 2.5076106127094738e-01 2.8250047066335635e+00
1.8782983433221850e+14 2.5405013191033232e-01 2.8715435580068802e+00
1.8787161143060200e+14 2.5738020184697274e-01 2.9182945201825832e+00
1.8791338852898550e+14 2.6075022726481467e-01 2.9652551621246541e+00
1.8795516562736900e+14 2.6415915632549708e-01 3.0124229031193801e+00
1.8799694272575250e+14 2.6760593044347403e-01 3.0597950298804766e+00
1.8803871982413600e+14 2.7108948554658047e-01 3.1073687126259917e+00
1.8808049692251950e+14 2.7460875333229495e-01 3.1551410202348742e+00
1.8812227402090300e+14 2.7816266252316579e-01 3.2031089345930588e+00
1.8816405111928650e+14 2.8175014011779614e-01 3.2512693642321833e+00
1.8820582821767000e+14 2.8537011262697320e-01 3.2996191573531659e+00
1.8824760531605350e+14 2.8902150727805959e-01 3.3481551143107722e+00
1.8828938241443700e+14 2.9270325316534329e-01 3.3968739996170179e+00
1.8833115951282050e+14 2.9641428231932843e-01 3.4457725534983030e+00
1.8837293661120400e+14 3.0015353066500522e-01 3.4948475030201438e+00
1.8841471370958750e+14 3.0391993883730462e-01 3.5440955727700323e+00
1.8845649080797100e+14 3.0771245282199011e-01 3.5935134950677852e+00
1.8849826790635450e+14 3.1153002439197497e-01 3.6430980196545435e+00
1.8854004500473800e+14 3.1537161131230246e-01 3.6928459227945107e+00
1.8858182210312150e+14 3.1923617729213921e-01 3.7427540157130466e+00
1.8862359920150500e+14 3.2312269166853391e-01 3.7928191522866022e+00
1.8866537629988853e+14 3.2703012881431093e-01 3.8430382358980637e+00
1.8870715339827203e+14 3.3095746727114311e-01 3.8934082253730704e+00
1.8874893049665553e+14 3.3490368861812619e-01 3.9439261399222012e+00
1.8879070759503903e+14 3.3886777609546703e-01 3.9945890630236374e+00
1.8883248469342253e+14 3.4284871301247632e-01 4.0453941452002322e+00
1.8887426179180603e+14 3.4684548097769718e-01 4.0963386056635613e+00
1.8891603889018953e+14 3.5085705799694061e-01 4.1474197328208788e+00
1.8895781598857303e+14 3.5488241649168589e-01 4.1986348836664451e+00
1.8899959308695653e+14 3.5892052129524266e-01 4.2499814821034345e+00
1.8904137018534003e+14 3.6297032768737864e-01 4.3014570162691292e+00
1.8908314728372353e+14 3.6703077952928376e-01 4.3530590349603884e+00
1.8912492438210703e+14 3.7110080755981062e-01 4.4047851432785814e+00
1.8916670148049053e+14 3.7517932791080233e-01 4.4566329976322887e+00
1.8920847857887403e+14 3.7926524089423502e-01 4.5086003002523301e+00
1.8925025567725753e+14 3.8335743010658657e-01 4.5606847933831993e+00
1.8929203277564103e+14 3.8745476188710959e-01 4.6128842533222487e+00
1.8933380987402453e+14 3.9155608515626350e-01 4.6651964844780656e+00
1.8937558697240803e+14 3.9566023164917280e-01 4.7176193136146587e+00
1.8941736407079153e+14 3.9976601654693511e-01 4.7701505844391825e+00
1.8945914116917503e+14 4.0387223949619744e-01 4.8227881526748275e+00
1.8950091826755853e+14 4.0797768599545314e-01 4.8755298817426578e+00
1.8954269536594203e+14 4.1208112911502520e-01 4.9283736391528032e+00
1.8958447246432553e+14 4.1618133150750791e-01 4.9813172936793890e+00
1.8962624956270903e+14 4.2027704765674079e-01 5.0343587133669825e+00
1.8966802666109253e+14 4.2436702630645579e-01 5.0874957643859702e+00
1.8970980375947603e+14 4.2845001300522062e-01 5.1407263107271888e+00
1.8975158085785953e+14 4.3252475270188590e-01 5.1940482146975935e+00
1.8979335795624303e+14 4.3658999232595147e-01 5.2474593381535666e+00
1.8983513505462653e+14 4.4064448328983391e-01 5.3009575443855557e+00
1.8987691215301003e+14 4.4468698385511685e-01 5.3545407005496815e+00
1.8991868925139353e+14 4.4871626131179876e-01 5.4082066805261846e+00
1.8996046634977703e+14 4.5273109392877786e-01 5.4619533680762657e+00
1.9000224344816053e+14 4.5673027264419713e-01 5.5157786601637362e+00
1.9004402054654403e+14 4.6071260247587958e-01 5.5696804703085263e+00
1.9008579764492753e+14 4.6467690364431435e-01 5.6236567318458270e+00
1.9012757474331103e+14 4.6862201241274476e-01 5.6777054009738261e+00
1.9016935184169453e+14 4.7254678166082925e-01 5.7318244594892844e+00
1.9021112894007803e+14 4.7645008121908183e-01 5.7860119171279090e+00
1.9025290603846153e+14 4.8033079800070633e-01 5.8402658134478092e+00
1.9029468313684503e+14 4.8418783597510034e-01 5.8945842192182774e+00
1.9033646023522853e+14 4.8802011603257212e-01 5.9489652372989488e+00
1.9037823733361203e+14 4.9182657579299099e-01 6.0034070030199000e+00
1.9042001443199553e+14 4.9560616941149538e-01 6.0579076840954409e+00
1.9046179153037903e+14 4.9935786743230737e-01 6.1124654801258140e+00
1.9050356862876253e+14 5.0308065673716162e-01 6.1670786217589653e+00
1.9054534572714603e+14 5.0677354062801716e-01 6.2217453696001774e+00
1.9058712282552953e+14 5.1043553907476136e-01 6.2764640129665388e+00
1.9062889992391303e+14 5.1406568914823603e-01 6.3312328685907637e+00
1.9067067702229653e+14 5.1766304564718457e-01 6.3860502793794289e+00
1.9071245412068003e+14 5.2122668191536392e-01 6.4409146133271218e+00
1.9075423121906353e+14 5.2475569083274809e-01 6.4958242626809470e+00
1.9079600831744703e+14 5.2824918595259840e-01 6.5507776434357146e+00
1.9083778541583053e+14 5.3170630274530217e-01 6.6057731952256526e+00
1.9087956251421403e+14 5.3512619990039267e-01 6.6608093816582024e+00
1.9092133961259753e+14 5.3850806063060253e-01 6.7158846911142174e+00
1.9096311671098103e+14 5.4185109391671793e-01 6.7709976380155696e+00
1.9100489380936453e+14 5.4515453562952776e-01 6.8261467645385183e+00
1.9104667090774803e+14 5.4841764946540472e-01 6.8813306427267804e+00
1.9108844800613153e+14 5.5163972763538527e-01 6.9365478769381870e+00
1.9113022510451506e+14 5.5482009125359200e-01 6.9917971065389137e+00
1.9117200220289856e+14 5.5795809037952648e-01 7.0470770087429679e+00
1.9121377930128206e+14 5.6105310367989047e-01 7.1023863014843780e+00
1.9125555639966556e+14 5.6410453768837909e-01 7.1577237461988386e+00
1.9129733349804906e+14 5.6711182565643892e-01 7.2130881503917692e+00
1.9133911059643256e+14 5.7007442600318881e-01 7.2684783698700715e+00
1.9138088769481606e+14 5.7299182038818308e-01 7.3238933105222124e+00
1.9142266479319956e+14 5.7586351144593495e-01 7.3793319295439446e+00
1.9146444189158306e+14 5.7868902023512381e-01 7.4347932360214557e+00
1.9150621898996656e+14 5.8146788346803524e-01 7.4902762908052196e+00
1.9154799608835006e+14 5.8419965059613077e-01 7.5457802056296401e+00
1.9158977318673356e+14 5.8688388083536336e-01 7.6013041414590310e+00
1.9163155028511706e+14 5.8952014021976795e-01 7.6568473060662727e+00
1.9167332738350056e+14 5.9210799877336295e-01 7.7124089508778848e+00
1.9171510448188406e+14 5.9464702788869395e-01 7.7679883671433636e+00
1.9175688158026756e+14 5.9713679799532682e-01 7.8235848815120743e+00
1.9179865867865106e+14 5.9957687659337477e-01 7.8791978511213001e+00
1.9184043577703456e+14 6.0196682671601853e-01 7.9348266583168492e+00
1.9188221287541806e+14 6.0430620587141470e-01 7.9904707051419441e+00
1.9192398997380156e+14 6.0659456549869073e-01 8.0461294077375918e+00
1.9196576707218506e+14 6.0883145095575708e-01 8.1018021908027897e+00
1.9200754417056856e+14 6.1101640203873053e-01 8.1574884822607139e+00
1.9204932126895206e+14 6.1314895401486302e-01 8.2131877082708016e+00
1.9209109836733556e+14 6.1522863913335957e-01 8.2688992887145609e+00
1.9213287546571906e+14 6.1725498856240879e-01 8.3246226332679889e+00
1.9217465256410256e+14 6.1922753468631608e-01 8.3803571381518402e+00
1.9221642966248606e+14 6.2114581368478117e-01 8.4361021836291954e+00
1.9225820676086956e+14 6.2300936830735110e-01 8.4918571322934611e+00
1.9229998385925306e+14 6.2481775075024459e-01 8.5476213281628350e+00
1.9234176095763656e+14 6.2657052554052506e-01 8.6033940965708631e+00
1.9238353805602006e+14 6.2826727233375779e-01 8.6591747448143366e+00
1.9242531515440356e+14 6.2990758853618167e-01 8.7149625634962398e+00
1.9246709225278706e+14 6.3149109167044704e-01 8.7707568284780528e+00
1.9250886935117056e+14 6.3301742141518125e-01 8.8265568033363504e+00
1.9255064644955406e+14 6.3448624126231212e-01 8.8823617422046084e+00
1.9259242354793756e+14 6.3589723975180323e-01 8.9381708928690315e+00
1.9263420064632106e+14 6.3725013126058228e-01 8.9939834999833010e+00
1.9267597774470456e+14 6.3854465634028612e-01 9.0497988082659120e+00
1.9271775484308806e+14 6.3978058161621898e-01 9.1056160655490679e+00
1.9275953194147156e+14 6.4095769927704804e-01 9.1614345255573895e+00
1.9280130903985506e+14 6.4207582620040782e-01 9.2172534503100501e+00
1.9284308613823856e+14 6.4313480277326796e-01 9.2730721120564770e+00
1.9288486323662206e+14 6.4413449147693069e-01 9.3288897946787692e+00
1.9292664033500556e+14 6.4507477531464941e-01 9.3847057945167567e+00
1.9296841743338906e+14 6.4595555616455536e-01 9.4405194205966936e+00
1.9301019453177256e+14 6.4677675314186822e-01 9.4963299942710151e+00
1.9305197163015606e+14 6.4753830105204635e-01 9.5521368482998277e+00
1.9309374872853956e+14 6.4824014901093630e-01 9.6079393254296832e+00
1.9313552582692306e+14 6.4888225929906118e-01 9.6637367765451607e+00
1.9317730292530656e+14 6.4946460650566173e-01 9.7195285584862763e+00
1.9321908002369006e+14 6.4998717700415876e-01 9.7753140316392422e+00
1.9326085712207356e+14 6.5044996878515360e-01 9.8310925574157064e+00
1.9330263422045706e+14 6.5085299165642219e-01 9.8868634957415171e+00
1.9334441131884056e+14 6.5119626780236639e-01 9.9426262026744059e+00
1.9338618841722406e+14 6.5147983267875120e-01 9.9983800282649629e+00
1.9342796551560756e+14 6.5170373620291489e-01 1.0054124314764682e+01
1.9346974261399106e+14 6.5186804418574806e-01 1.0109858395271271e+01
1.9351151971237456e+14 6.5197283994003441e-01 1.0165581592881894e+01
1.9355329681075806e+14 6.5201822599086123e-01 1.0221293220405384e+01
1.9359507390914156e+14 6.5200432580800183e-01 1.0276992580660410e+01
1.9359660086208747e+14 6.5200269650562415e-01 1.0279028150842800e+01
1.9363532405457916e+14 6.5193497435907521e-01 1.0330643856907111e+01
1.9363685100752506e+14 6.5193126377424393e-01 1.0332678956859318e+01
1.9367862810590856e+14 6.5179921223542447e-01 1.0388351628091927e+01
1.9372040520429209e+14 6.5160838977123947e-01 1.0444009883473385e+01
1.9376218230267559e+14 6.5135901910170535e-01 1.0499653000865285e+01
1.9380395940105909e+14 6.5105135006703452e-01 1.0555280257751638e+01
1.9384573649944259e+14 6.5068565990632443e-01 1.0610890934300768e+01
1.9388751359782609e+14 6.5026225311275443e-01 1.0666484316574206e+01
1.9392929069620959e+14 6.4978146085175970e-01 1.0722059699759535e+01
1.9397106779459309e+14 6.4924363994593670e-01 1.0777616391300208e+01
1.9401284489297659e+14 6.4864917144756140e-01 1.0833153713799174e+01
1.9405462199136009e+14 6.4799845883606932e-01 1.0888671007579282e+01
1.9409639908974359e+14 6.4729192589283280e-01 1.0944167632795311e+01
1.9413817618812709e+14 6.4653001431854207e-01 1.0999642971009136e+01
1.9417995328651059e+14 6.4571318116888921e-01 1.1055096426157526e+01
1.9422173038489409e+14 6.4484189619169674e-01 1.1110527424865703e+01
1.9426350748327759e+14 6.4391663915276742e-01 1.1165935416083100e+01
1.9430528458166109e+14 6.4293789723842365e-01 1.1221319870042812e+01
1.9434706168004459e+14 6.4190616261999822e-01 1.1276680276572161e+01
1.9438883877842809e+14 6.4082193025941259e-01 1.1332016142804473e+01
1.9443061587681159e+14 6.3968569602584080e-01 1.1387326990365779e+01
1.9447239297519509e+14 6.3849795518155361e-01 1.1442612352128773e+01
1.9451417007357859e+14 6.3725920128097868e-01 1.1497871768642641e+01
1.9455594717196209e+14 6.3596992551120313e-01 1.1553104784358773e+01
1.9459772427034559e+14 6.3463061648542618e-01 1.1608310943780602e+01
1.9463950136872909e+14 6.3324176048370684e-01 1.1663489787666672e+01
1.9468127846711259e+14 6.3180384211854590e-01 1.1718640849414967e+01
1.9472305556549609e+14 6.3031734538705075e-01 1.1773763651748370e+01
1.9476483266387959e+14 6.2878275505722803e-01 1.1828857703809151e+01
1.9480660976226309e+14 6.2720055832388089e-01 1.1883922498755288e+01
1.9484838686064659e+14 6.2557124666023811e-01 1.1938957511930489e+01
1.9489016395903009e+14 6.2389531778495155e-01 1.1993962199659110e+01
1.9493194105741359e+14 6.2217327766096298e-01 1.2048935998692361e+01
1.9497371815579709e+14 6.2040564244280660e-01 1.2103878326307637e+01
1.9501549525418059e+14 6.1859294029238332e-01 1.2158788581037596e+01
1.9505727235256409e+14 6.1673571298975027e-01 1.2213666143982961e+01
1.9509904945094759e+14 6.1483451727491689e-01 1.2268510380639436e+01
1.9514082654933109e+14 6.1288992586843916e-01 1.2323320643151844e+01
1.9518260364771459e+14 6.1090252813243362e-01 1.2378096272892199e+01
1.9522438074609809e+14 6.0887293034874590e-01 1.2432836603247152e+01
1.9526615784448159e+14 6.0680175560694138e-01 1.2487540962494332e+01
1.9530793494286509e+14 6.0468964331077157e-01 1.2542208676643794e+01
1.9534971204124859e+14 6.0253724832717381e-01 1.2596839072125228e+01
1.9539148913963209e+14 6.0034523981612087e-01 1.2651431478208485e+01
1.9543326623801559e+14 5.9811429979211217e-01 1.2705985229057264e+01
1.9547504333639909e+14 5.9584512147830815e-01 1.2760499665332729e+01
1.9551682043478259e+14 5.9353840752197007e-01 1.2814974135281842e+01
1.9555859753316609e+14 5.9119486814443345e-01 1.2869407995268659e+01
1.9560037463154959e+14 5.8881521930050873e-01 1.2923800609729550e+01
1.9564215172993309e+14 5.8640018092059421e-01 1.2978151350557980e+01
1.9568392882831659e+14 5.8395047530428446e-01 1.3032459595948188e+01
1.9572570592670009e+14 5.8146682572681219e-01 1.3086724728750816e+01
1.9576748302508359e+14 5.7894995530988580e-01 1.3140946134412767e+01
1.9580926012346709e+14 5.7640058619654033e-01 1.3195123198592855e+01
1.9585103722185059e+14 5.7381943905619726e-01 1.3249255304557915e+01
1.9589281432023409e+14 5.7120723293171305e-01 1.3303341830474173e+01
1.9593459141861759e+14 5.6856468542533734e-01 1.3357382146714480e+01
1.9597636851700109e+14 5.6589251320603517e-01 1.3411375613301296e+01
1.9601814561538459e+14 5.6319143280673734e-01 1.3465321577602106e+01
1.9605992271376809e+14 5.6046216166778084e-01 1.3519219372384150e+01
1.9610169981215159e+14 5.5770541937224616e-01 1.3573068314322054e+01
1.9614347691053512e+14 5.5492192901068826e-01 1.3626867703034510e+01
1.9618525400891862e+14 5.5211241860709648e-01 1.3680616820706177e+01
1.9622703110730212e+14 5.4927762253517187e-01 1.3734314932327548e+01
1.9626880820568562e+14 5.4641828285410521e-01 1.3787961286561320e+01
1.9631058530406912e+14 5.4353515049603218e-01 1.3841555117219345e+01
1.9635236240245262e+14 5.4062898624323119e-01 1.3895095645309315e+01
1.9639413950083612e+14 5.3770056144129419e-01 1.3948582081588029e+01
1.9643591659921962e+14 5.3475065840512481e-01 1.4002013629536274e+01
1.9647769369760312e+14 5.3178007048673182e-01 1.4055389488654058e+01
1.9651947079598662e+14 5.2878960178724543e-01 1.4108708857960522e+01
1.9656124789437012e+14 5.2578006650977249e-01 1.4161970939573497e+01
1.9660302499275362e+14 5.2275228796381712e-01 1.4215174942240075e+01
1.9664480209113712e+14 5.1970709724591957e-01 1.4268320084688650e+01
1.9668657918952062e+14 5.1664533163379056e-01 1.4321405598679693e+01
1.9672835628790412e+14 5.1356783274254836e-01 1.4374430731642171e+01
1.9677013338628762e+14 5.1047544450091620e-01 1.4427394748797454e+01
1.9681191048467112e+14 5.0736901101225895e-01 1.4480296934690898e+01
1.9685368758305462e+14 5.0424937436968564e-01 1.4533136594073955e+01
1.9689546468143812e+14 5.0111737249623600e-01 1.4585913052102407e+01
1.9693724177982162e+14 4.9797383708003617e-01 1.4638625653843253e+01
1.9697901887820512e+14 4.9481959167056822e-01 1.4691273763108107e+01
1.9702079597658862e+14 4.9165544999596661e-01 1.4743856760656389e+01
1.9706257307497212e+14 4.8848221455263352e-01 1.4796374041836398e+01
1.9710435017335562e+14 4.8530067550818934e-01 1.4848825013752595e+01
1.9714612727173912e+14 4.8211160994676405e-01 1.4901209092067015e+01
1.9718790437012262e+14 4.7891578147283431e-01 1.4953525697556401e+01
1.9722968146850612e+14 4.7571394017643620e-01 1.5005774252556781e+01
1.9727145856688962e+14 4.7250682294930180e-01 1.5057954177431901e+01
1.9731323566527312e+14 4.6929515412860617e-01 1.5110064887202778e+01
1.9735501276365662e+14 4.6607964643344973e-01 1.5162105788469091e+01
1.9739678986204012e+14 4.6286100214875697e-01 1.5214076276744487e+01
1.9743856696042362e+14 4.5963991450300079e-01 1.5265975734312775e+01
1.9748034405880712e+14 4.5641706917981689e-01 1.5317803528693343e+01
1.9752212115719062e+14 4.5319314589964471e-01 1.5369559011783466e+01
1.9756389825557412e+14 4.4996882000615113e-01 1.5421241519719519e+01
1.9760567535395762e+14 4.4674476399311486e-01 1.5472850373474976e+01
1.9764745245234112e+14 4.4352164891100071e-01 1.5524384880186169e+01
1.9768922955072462e+14 4.4030014559807107e-01 1.5575844335170970e+01
1.9773100664910812e+14 4.3708092568851353e-01 1.5627228024582177e+01
1.9777278374749162e+14 4.3386466235949384e-01 1.5678535228614027e+01
1.9781456084587512e+14 4.3065203078949410e-01 1.5729765225162913e+01
1.9785633794425862e+14 4.2744370831177841e-01 1.5780917293827654e+01
1.9789811504264212e+14 4.2424037425859168e-01 1.5831990720124526e+01
1.9793989214102562e+14 4.2104270950340544e-01 1.5882984799786341e+01
1.9798166923940912e+14 4.1785139571960878e-01 1.5933898843014966e+01
1.9802344633779262e+14 4.1466711438432963e-01 1.5984732178559758e+01
1.9806522343617612e+14 4.1149054556479564e-01 1.6035484157504783e+01
1.9810700053455962e+14 4.0832236653187326e-01 1.6086154156660545e+01
1.9814877763294312e+14 4.0516325025070865e-01 1.6136741581473402e+01
1.9819055473132662e+14 4.0201386380152693e-01 1.6187245868387066e+01
1.9823233182971012e+14 3.9887486678480971e-01 1.6237666486612355e+01
1.9827410892809362e+14 3.9574690976390076e-01 1.6288002939286848e+01
1.9831588602647712e+14 3.9263063279503563e-01 1.6338254764030363e+01
1.9835766312486062e+14 3.8952666408979580e-01 1.6388421532926319e+01
1.9839944022324412e+14 3.8643561884834277e-01 1.6438502851982889e+01
1.9844121732162762e+14 3.8335809829388834e-01 1.6488498360146796e+01
1.9848299442001112e+14 3.8029468892994917e-01 1.6538407727961701e+01
1.9852477151839462e+14 3.7724596203230176e-01 1.6588230655975654e+01
1.9856654861677812e+14 3.7421247337791808e-01 1.6637966873011891e+01
1.9860832571516162e+14 3.7119476320350858e-01 1.6687616134421564e+01
1.9865010281354512e+14 3.6819335637726014e-01 1.6737178220437631e+01
1.9869187991192862e+14 3.6520876275924175e-01 1.6786652934742829e+01
1.9873365701031212e+14 3.6224147771893789e-01 1.6836040103356499e+01
1.9877543410869566e+14 3.5929198277287722e-01 1.6885339573930434e+01
1.9881721120707916e+14 3.5636074630141246e-01 1.6934551215526412e+01
1.9885898830546266e+14 3.5344822430148931e-01 1.6983674918929044e+01
1.9890076540384616e+14 3.5055486113199930e-01 1.7032710597522627e+01
1.9894254250222966e+14 3.4768109020956395e-01 1.7081658188739333e+01
1.9898431960061316e+14 3.4482733461576981e-01 1.7130517656060562e+01
1.9902609669899666e+14 3.4199400758140258e-01 1.7179288991530150e+01
1.9906787379738016e+14 3.3918151281919862e-01 1.7227972218716115e+01
1.9910965089576366e+14 3.3639024468345008e-01 1.7276567396038654e+01
1.9915142799414716e+14 3.3362058814264889e-01 1.7325074620364703e+01
1.9919320509253066e+14 3.3087291855930673e-01 1.7373494030758007e+01
1.9923498219091416e+14 3.2814760127940379e-01 1.7421825812264888e+01
1.9927675928929766e+14 3.2544499104184749e-01 1.7470070199612362e+01
1.9931853638768116e+14 3.2276543122573531e-01 1.7518227480697053e+01
1.9936031348606466e+14 3.2010925295985077e-01 1.7566297999748475e+01
1.9940209058444816e+14 3.1747677412429415e-01 1.7614282160061389e+01
1.9944386768283166e+14 3.1486829827842527e-01 1.7662180426206280e+01
1.9948564478121516e+14 3.1228411355213342e-01 1.7709993325644575e+01
1.9952742187959866e+14 3.0972449153870890e-01 1.7757721449696806e+01
1.9956919897798216e+14 3.0718968622755288e-01 1.7805365453833371e+01
1.9961097607636566e+14 3.0467993301313367e-01 1.7852926057282392e+01
1.9965275317474916e+14 3.0219544781367352e-01 1.7900404041972269e+01
1.9969453027313266e+14 2.9973642632868724e-01 1.7947800250849788e+01
1.9973630737151616e+14 2.9730304345923231e-01 1.7995115585635421e+01
1.9977808446989966e+14 2.9489545290852270e-01 1.8042351004097242e+01
1.9981986156828316e+14 2.9251378697392855e-01 1.8089507516938525e+01
1.9986163866666666e+14 2.9015815653434551e-01 1.8136586184407260e+01
("port 2","mode 1",1,"port 1",1,"transmission")
(302, 3)
1.8737028625000000e+14 1.9734619343128618e-01 2.4236730949201468e+00
1.8741206334838350e+14 1.9981897314863709e-01 2.4670952018272008e+00
1.8745384044676700e+14 2.0233893629962427e-01 2.5107230823044295e+00
1.8749561754515050e+14 2.0490562058228581e-01 2.5545579616283476e+00
1.8753739464353400e+14 2.0751853436287093e-01 2.5986007330785394e+00
1.8757917174191750e+14 2.1017715843910811e-01 2.6428519738565988e+00
1.8762094884030100e+14 2.1288094775273114e-01 2.6873119614231098e+00
1.8766272593868450e+14 2.1562933304532292e-01 2.7319806901023411e+00
1.8770450303706800e+14 2.1842172245249977e-01 2.7768578878177048e+00
1.8774628013545150e+14 2.2125750303247205e-01 2.8219430328324946e+00
1.8778805723383500e+14 2.2413604222572558e-01 2.8672353703831348e+00
1.8782983433221850e+14 2.2705668924353264e-01 2.9127339291050540e+00
1.8787161143060200e+14 2.3001877638359319e-01 2.9584375371623088e+00
1.8791338852898550e+14 2.3302162027191450e-01 3.0043448380051174e+00
1.8795516562736900e+14 2.3606452303049158e-01 3.0504543056898084e+00
1.8799694272575250e+14 2.3914677337103138e-01 3.0967642597065970e+00
1.8803871982413600e+14 2.4226764761534147e-01 3.1432728792709206e+00
1.8808049692251950e+14 2.4542641064344473e-01 3.1899782170422606e+00
1.8812227402090300e+14 2.4862231677085689e-01 3.2368782122439401e+00
1.8816405111928650e+14 2.5185461055675101e-01 3.2839707031644902e+00
1.8820582821767000e+14 2.5512252754499937e-01 3.3312534390280359e+00
1.8824760531605350e+14 2.5842529494027161e-01 3.3787240912275314e+00
1.8828938241443700e+14 2.6176213222160488e-01 3.4263802639204739e+00
1.8833115951282050e+14 2.6513225169586191e-01 3.4742195039904251e+00
1.8837293661120400e+14 2.6853485899377133e-01 3.5222393103830290e+00
1.8841471370958750e+14 2.7196915351115930e-01 3.5704371428280779e+00
1.8845649080797100e+14 2.7543432879809526e-01 3.6188104299619406e+00
1.8849826790635450e+14 2.7892957289874265e-01 3.6673565768681078e+00
1.8854004500473800e+14 2.8245406864457823e-01 3.7160729720540804e+00
1.8858182210312150e+14 2.8600699390377332e-01 3.7649569938858392e+00
1.8862359920150500e+14 2.8958752178940900e-01 3.8140060165013883e+00
1.8866537629988853e+14 2.9319482082919723e-01 3.8632174152261540e+00
1.8870715339827203e+14 2.9682805509929355e-01 3.9125885715129618e+00
1.8874893049665553e+14 3.0048638432483710e-01 3.9621168774311468e+00
1.8879070759503903e+14 3.0416896394959991e-01 4.0117997397268308e+00
1.8883248469342253e+14 3.0787494517725550e-01 4.0616345834788765e+00
1.8887426179180603e+14 3.1160347498659691e-01 4.1116188553731465e+00
1.8891603889018953e+14 3.1535369612296776e-01 4.1617500266176082e+00
1.8895781598857303e+14 3.1912474706814559e-01 4.2120255955210029e+00
1.8899959308695653e+14 3.2291576199078426e-01 4.2624430897556547e+00
1.8904137018534003e+14 3.2672587067946768e-01 4.3130000683258531e+00
1.8908314728372353e+14 3.3055419846037642e-01 4.3636941232615616e+00
1.8912492438210703e+14 3.3439986610145928e-01 4.4145228810566897e+00
1.8916670148049053e+14 3.3826198970492238e-01 4.4654840038700607e+00
1.8920847857887403e+14 3.4213968058985200e-01 4.5165751905071581e+00
1.8925025567725753e+14 3.4603204516660113e-01 4.5677941771985289e+00
1.8929203277564103e+14 3.4993818480460387e-01 4.6191387381912126e+00
1.8933380987402453e+14 3.5385719569516760e-01 4.6706066861679574e+00
1.8937558697240803e+14 3.5778816871072155e-01 4.7221958725081095e+00
1.8941736407079153e+14 3.6173018926201095e-01 4.7739041874040780e+00
1.8945914116917503e+14 3.6568233715454418e-01 4.8257295598450840e+00
1.8950091826755853e+14 3.6964368644567608e-01 4.8776699574804772e+00
1.8954269536594203e+14 3.7361330530356035e-01 4.9297233863734995e+00
1.8958447246432553e+14 3.7759025586920503e-01 4.9818878906554165e+00
1.8962624956270903e+14 3.8157359412282255e-01 5.0341615520903522e+00
1.8966802666109253e+14 3.8556236975554081e-01 5.0865424895588545e+00
1.8970980375947603e+14 3.8955562604762717e-01 5.1390288584691461e+00
1.8975158085785953e+14 3.9355239975420858e-01 5.1916188501035165e+00
1.8979335795624303e+14 3.9755172099952701e-01 5.2443106909071169e+00
1.8983513505462653e+14 4.0155261318064656e-01 5.2971026417255178e+00
1.8987691215301003e+14 4.0555409288160932e-01 5.3499929969977522e+00
1.8991868925139353e+14 4.0955516979885004e-01 5.4029800839097266e+00
1.8996046634977703e+14 4.1355484667879960e-01 5.4560622615137948e+00
1.9000224344816053e+14 4.1755211926846209e-01 5.5092379198190740e+00
1.9004402054654403e+14 4.2154597627978868e-01 5.5625054788567718e+00
1.9008579764492753e+14 4.2553539936863666e-01 5.6158633877250903e+00
1.9012757474331103e+14 4.2951936312902550e-01 5.6693101236166887e+00
1.9016935184169453e+14 4.3349683510344972e-01 5.7228441908326593e+00
1.9021112894007803e+14 4.3746677580994764e-01 5.7764641197859490e+00
1.9025290603846153e+14 4.4142813878654480e-01 5.8301684659968593e+00
1.9029468313684503e+14 4.4537987065387968e-01 5.8839558090837469e+00
1.9033646023522853e+14 4.4932091119644951e-01 5.9378247517506626e+00
1.9037823733361203e+14 4.5325019346326217e-01 5.9917739187744310e+00
1.9042001443199553e+14 4.5716664388840667e-01 6.0458019559931016e+00
1.9046179153037903e+14 4.6106918243214318e-01 6.0999075292975329e+00
1.9050356862876253e+14 4.6495672274305860e-01 6.1540893236275060e+00
1.9054534572714603e+14 4.6882817234186602e-01 6.2083460419744583e+00
1.9058712282552953e+14 4.7268243282731531e-01 6.2626764043914047e+00
1.9062889992391303e+14 4.7651840010473645e-01 6.3170791470118477e+00
1.9067067702229653e+14 4.8033496463771164e-01 6.3715530210786264e+00
1.9071245412068003e+14 4.8413101172327849e-01 6.4260967919835714e+00
1.9075423121906353e+14 4.8790542179115937e-01 6.4807092383194798e+00
1.9079600831744703e+14 4.9165707072735604e-01 6.5353891509445514e+00
1.9083778541583053e+14 4.9538483022251878e-01 6.5901353320606750e+00
1.9087956251421403e+14 4.9908756814543026e-01 6.6449465943061554e+00
1.9092133961259753e+14 5.0276414894191146e-01 6.6998217598636653e+00
1.9096311671098103e+14 5.0641343405941619e-01 6.7547596595839092e+00
1.9100489380936453e+14 5.1003428239758508e-01 6.8097591321262838e+00
1.9104667090774803e+14 5.1362555078491057e-01 6.8648190231163593e+00
1.9108844800613153e+14 5.1718609448170982e-01 6.9199381843214987e+00
1.9113022510451506e+14 5.2071476770947589e-01 6.9751154728449887e+00
1.9117200220289856e+14 5.2421042420665875e-01 7.0303497503389698e+00
1.9121377930128206e+14 5.2767191781094047e-01 7.0856398822379436e+00
1.9125555639966556e+14 5.3109810306783534e-01 7.1409847370118591e+00
1.9129733349804906e+14 5.3448783586556747e-01 7.1963831854406903e+00
1.9133911059643256e+14 5.3783997409601370e-01 7.2518340999106137e+00
1.9138088769481606e+14 5.4115337834141530e-01 7.3073363537323353e+00
1.9142266479319956e+14 5.4442691258658604e-01 7.3628888204827980e+00
1.9146444189158306e+14 5.4765944495610752e-01 7.4184903733701084e+00
1.9150621898996656e+14 5.5084984847607010e-01 7.4741398846230069e+00
1.9154799608835006e+14 5.5399700185975198e-01 7.5298362249052477e+00
1.9158977318673356e+14 5.5709979031652512e-01 7.5855782627556803e+00
1.9163155028511706e+14 5.6015710638322336e-01 7.6413648640545597e+00
1.9167332738350056e+14 5.6316785077712350e-01 7.6971948915171575e+00
1.9171510448188406e+14 5.6613093326950004e-01 7.7530672042147941e+00
1.9175688158026756e+14 5.6904527357870816e-01 7.8089806571244260e+00
1.9179865867865106e+14 5.7190980228159682e-01 7.8649341007072939e+00
1.9184043577703456e+14 5.7472346174195854e-01 7.9209263805170815e+00
1.9188221287541806e+14 5.7748520705459716e-01 7.9769563368388487e+00
1.9192398997380156e+14 5.8019400700351875e-01 8.0330228043585130e+00
1.9196576707218506e+14 5.8284884503262036e-01 8.0891246118640812e+00
1.9200754417056856e+14 5.8544872022712391e-01 8.1452605819789827e+00
1.9204932126895206e+14 5.8799264830396680e-01 8.2014295309280314e+00
1.9209109836733556e+14 5.9047966260917895e-01 8.2576302683363121e+00
1.9213287546571906e+14 5.9290881512022509e-01 8.3138615970619849e+00
1.9217465256410256e+14 5.9527917745117498e-01 8.3701223130625841e+00
1.9221642966248606e+14 5.9758984185848996e-01 8.4264112052957412e+00
1.9225820676086956e+14 5.9983992224510996e-01 8.4827270556543404e+00
1.9229998385925306e+14 6.0202855516046316e-01 8.5390686389360972e+00
1.9234176095763656e+14 6.0415490079394041e-01 8.5954347228483243e+00
1.9238353805602006e+14 6.0621814395932772e-01 8.6518240680469418e+00
1.9242531515440356e+14 6.0821749506759726e-01 8.7082354282104895e+00
1.9246709225278706e+14 6.1015219108547425e-01 8.7646675501486015e+00
1.9250886935117056e+14 6.1202149647709991e-01 8.8211191739445560e+00
1.9255064644955406e+14 6.1382470412615420e-01 8.8775890331322458e+00
1.9259242354793756e+14 6.1556113623570974e-01 8.9340758549061636e+00
1.9263420064632106e+14 6.1723014520316666e-01 8.9905783603646352e+00
1.9267597774470456e+14 6.1883111446758854e-01 9.0470952647852787e+00
1.9271775484308806e+14 6.2036345932679493e-01 9.1036252779321298e+00
1.9275953194147156e+14 6.2182662772159825e-01 9.1601671043932456e+00
1.9280130903985506e+14 6.2322010098465797e-01 9.2167194439485662e+00
1.9284308613823856e+14 6.2454339455144048e-01 9.2732809919660326e+00
1.9288486323662206e+14 6.2579605863088383e-01 9.3298504398254920e+00
1.9292664033500556e+14 6.2697767883348421e-01 9.3864264753690065e+00
1.9296841743338906e+14 6.2808787675454636e-01 9.4430077833757693e+00
1.9301019453177256e+14 6.2912631051056644e-01 9.4995930460611220e+00
1.9305197163015606e+14 6.3009267522674639e-01 9.5561809435970808e+00
1.9309374872853956e+14 6.3098670347385521e-01 9.6127701546534858e+00
1.9313552582692306e+14 6.3180816565276587e-01 9.6693593569578749e+00
1.9317730292530656e+14 6.3255687032517283e-01 9.7259472278720764e+00
1.9321908002369006e+14 6.3323266448917959e-01 9.7825324449843940e+00
1.9326085712207356e+14 6.3383543379859397e-01 9.8391136867145850e+00
1.9330263422045706e+14 6.3436510272502589e-01 9.8956896329304360e+00
1.9334441131884056e+14 6.3482163466197361e-01 9.9522589655736287e+00
1.9338618841722406e+14 6.3520503197040412e-01 1.0008820369293012e+01
1.9342796551560756e+14 6.3551533596544929e-01 1.0065372532083048e+01
1.9346974261399106e+14 6.3575262684409006e-01 1.0121914145925965e+01
1.9351151971237456e+14 6.3591702355388968e-01 1.0178443907434776e+01
1.9355329681075806e+14 6.3600868360308460e-01 1.0234960518495726e+01
1.9359507390914156e+14 6.3602780281248517e-01 1.0291462686907987e+01
1.9359660086208747e+14 6.3602713037180947e-01 1.0293527551022796e+01
1.9363532405457916e+14 6.3597778415326989e-01 1.0345884824041221e+01
1.9363685100752506e+14 6.3597456648810569e-01 1.0347949110623926e+01
1.9367862810590856e+14 6.3584924551649935e-01 1.0404418518230708e+01
1.9372040520429209e+14 6.3565219719770460e-01 1.0460869657958678e+01
1.9376218230267559e+14 6.3538376732397017e-01 1.0517301267707385e+01
1.9380395940105909e+14 6.3504433792727477e-01 1.0573712094355361e+01
1.9384573649944259e+14 6.3463432670275088e-01 1.0630100894341359e+01
1.9388751359782609e+14 6.3415418638282206e-01 1.0686466434229747e+01
1.9392929069620959e+14 6.3360440406400731e-01 1.0742807491258972e+01
1.9397106779459309e+14 6.3298550048852509e-01 1.0799122853870616e+01
1.9401284489297659e+14 6.3229802928295253e-01 1.0855411322218398e+01
1.9405462199136009e+14 6.3154257615630349e-01 1.0911671708655502e+01
1.9409639908974359e+14 6.3071975806000924e-01 1.0967902838198842e+01
1.9413817618812709e+14 6.2983022231238350e-01 1.1024103548969768e+01
1.9417995328651059e+14 6.2887464569022811e-01 1.1080272692609384e+01
1.9422173038489409e+14 6.2785373349027584e-01 1.1136409134668218e+01
1.9426350748327759e+14 6.2676821856329057e-01 1.1192511754969260e+01
1.9430528458166109e+14 6.2561886032358738e-01 1.1248579447943513e+01
1.9434706168004459e+14 6.2440644373683407e-01 1.1304611122938145e+01
1.9438883877842809e+14 6.2313177828897037e-01 1.1360605704495999e+01
1.9443061587681159e+14 6.2179569693909165e-01 1.1416562132606787e+01
1.9447239297519509e+14 6.2039905505910486e-01 1.1472479362929517e+01
1.9451417007357859e+14 6.1894272936295502e-01 1.1528356366986207e+01
1.9455594717196209e+14 6.1742761682819924e-01 1.1584192132326642e+01
1.9459772427034559e+14 6.1585463361256865e-01 1.1639985662664994e+01
1.9463950136872909e+14 6.1422471396821510e-01 1.1695735977987674e+01
1.9468127846711259e+14 6.1253880915615921e-01 1.1751442114633489e+01
1.9472305556549609e+14 6.1079788636342880e-01 1.1807103125346270e+01
1.9476483266387959e+14 6.0900292762527974e-01 1.1862718079300342e+01
1.9480660976226309e+14 6.0715492875476818e-01 1.1918286062100163e+01
1.9484838686064659e+14 6.0525489828186174e-01 1.1973806175753907e+01
1.9489016395903009e+14 6.0330385640416084e-01 1.2029277538622502e+01
1.9493194105741359e+14 6.0130283395116857e-01 1.2084699285344733e+01
1.9497371815579709e+14 5.9925287136394956e-01 1.2140070566739366e+01
1.9501549525418059e+14 5.9715501769188051e-01 1.2195390549685110e+01
1.9505727235256409e+14 5.9501032960805977e-01 1.2250658416980034e+01
1.9509904945094759e+14 5.9281987044485485e-01 1.2305873367180741e+01
1.9514082654933109e+14 5.9058470925088502e-01 1.2361034614422991e+01
1.9518260364771459e+14 5.8830591987065117e-01 1.2416141388224800e+01
1.9522438074609809e+14 5.8598458004788845e-01 1.2471192933272937e+01
1.9526615784448159e+14 5.8362177055354458e-01 1.2526188509194716e+01
1.9530793494286509e+14 5.8121857433927149e-01 1.2581127390315412e+01
1.9534971204124859e+14 5.7877607571707068e-01 1.2636008865403241e+01
1.9539148913963209e+14 5.7629535956569666e-01 1.2690832237402869e+01
1.9543326623801559e+14 5.7377751056430437e-01 1.2745596823158575e+01
1.9547504333639909e+14 5.7122361245365905e-01 1.2800301953128832e+01
1.9551682043478259e+14 5.6863474732519970e-01 1.2854946971092813e+01
1.9555859753316609e+14 5.6601199493809928e-01 1.2909531233850602e+01
1.9560037463154959e+14 5.6335643206436448e-01 1.2964054110918086e+01
1.9564215172993309e+14 5.6066913186197020e-01 1.3018514984217806e+01
1.9568392882831659e+14 5.5795116327589334e-01 1.3072913247766687e+01
1.9572570592670009e+14 5.5520359046685253e-01 1.3127248307362402e+01
1.9576748302508359e+14 5.5242747226751276e-01 1.3181519580268636e+01
1.9580926012346709e+14 5.4962386166576760e-01 1.3235726494901005e+01
1.9585103722185059e+14 5.4679380531477273e-01 1.3289868490514415e+01
1.9589281432023409e+14 5.4393834306921285e-01 1.3343945016892738e+01
1.9593459141861759e+14 5.4105850754732820e-01 1.3397955534042339e+01
1.9597636851700109e+14 5.3815532371815933e-01 1.3451899511889662e+01
1.9601814561538459e+14 5.3522980851339874e-01 1.3505776429984323e+01
1.9605992271376809e+14 5.3228297046323891e-01 1.3559585777208435e+01
1.9610169981215159e+14 5.2931580935555267e-01 1.3613327051493016e+01
1.9614347691053512e+14 5.2632931591774146e-01 1.3666999759542152e+01
1.9618525400891862e+14 5.2332447152051731e-01 1.3720603416566000e+01
1.9622703110730212e+14 5.2030224790292434e-01 1.3774137546023248e+01
1.9626880820568562e+14 5.1726360691786855e-01 1.3827601679373458e+01
1.9631058530406912e+14 5.1420950029737456e-01 1.3880995355840453e+01
1.9635236240245262e+14 5.1114086943688608e-01 1.3934318122186909e+01
1.9639413950083612e+14 5.0805864519777422e-01 1.3987569532501452e+01
1.9643591659921962e+14 5.0496374772736541e-01 1.4040749147998024e+01
1.9647769369760312e+14 5.0185708629571424e-01 1.4093856536828719e+01
1.9651947079598662e+14 4.9873955914834261e-01 1.4146891273910414e+01
1.9656124789437012e+14 4.9561205337427916e-01 1.4199852940765531e+01
1.9660302499275362e+14 4.9247544478855931e-01 1.4252741125378023e+01
1.9664480209113712e+14 4.8933059782856786e-01 1.4305555422064312e+01
1.9668657918952062e+14 4.8617836546343263e-01 1.4358295431360171e+01
1.9672835628790412e+14 4.8301958911581344e-01 1.4410960759923803e+01
1.9677013338628762e+14 4.7985509859537034e-01 1.4463551020455670e+01
1.9681191048467112e+14 4.7668571204327709e-01 1.4516065831635180e+01
1.9685368758305462e+14 4.7351223588704278e-01 1.4568504818075262e+01
1.9689546468143812e+14 4.7033546480510657e-01 1.4620867610294495e+01
1.9693724177982162e+14 4.6715618170048806e-01 1.4673153844707667e+01
1.9697901887820512e+14 4.6397515768290842e-01 1.4725363163635024e+01
1.9702079597658862e+14 4.6079315205881688e-01 1.4777495215330342e+01
1.9706257307497212e+14 4.5761091232868084e-01 1.4829549654028755e+01
1.9710435017335562e+14 4.5442917419102369e-01 1.4881526140014019e+01
1.9714612727173912e+14 4.5124866155264864e-01 1.4933424339705889e+01
1.9718790437012262e+14 4.4807008654450337e-01 1.4985243925767993e+01
1.9722968146850612e+14 4.4489414954266798e-01 1.5036984577236389e+01
1.9727145856688962e+14 4.4172153919398421e-01 1.5088645979668970e+01
1.9731323566527312e+14 4.3855293244579480e-01 1.5140227825316572e+01
1.9735501276365662e+14 4.3538899457936731e-01 1.5191729813315295e+01
1.9739678986204012e+14 4.3223037924650709e-01 1.5243151649900835e+01
1.9743856696042362e+14 4.2907772850892034e-01 1.5294493048644963e+01
1.9748034405880712e+14 4.2593167287991329e-01 1.5345753730714076e+01
1.9752212115719062e+14 4.2279283136796847e-01 1.5396933425150703e+01
1.9756389825557412e+14 4.1966181152184912e-01 1.5448031869177273e+01
1.9760567535395762e+14 4.1653920947676526e-01 1.5499048808522945e+01
1.9764745245234112e+14 4.1342561000131289e-01 1.5549983997773341e+01
1.9768922955072462e+14 4.1032158654474338e-01 1.5600837200743161e+01
1.9773100664910812e+14 4.0722770128423252e-01 1.5651608190872214e+01
1.9777278374749162e+14 4.0414450517184208e-01 1.5702296751644083e+01
1.9781456084587512e+14 4.0107253798080278e-01 1.5752902677028036e+01
1.9785633794425862e+14 3.9801232835083811e-01 1.5803425771943736e+01
1.9789811504264212e+14 3.9496439383221937e-01 1.5853865852748719e+01
1.9793989214102562e+14 3.9192924092826958e-01 1.5904222747748182e+01
1.9798166923940912e+14 3.8890736513603924e-01 1.5954496297727312e+01
1.9802344633779262e+14 3.8589925098492711e-01 1.6004686356505122e+01
1.9806522343617612e+14 3.8290537207297648e-01 1.6054792791509804e+01
1.9810700053455962e+14 3.7992619110063880e-01 1.6104815484374985e+01
1.9814877763294312e+14 3.7696215990182846e-01 1.6154754331556028e+01
1.9819055473132662e+14 3.7401371947200607e-01 1.6204609244966278e+01
1.9823233182971012e+14 3.7108129999320905e-01 1.6254380152631686e+01
1.9827410892809362e+14 3.6816532085582021e-01 1.6304066999363471e+01
1.9831588602647712e+14 3.6526619067696092e-01 1.6353669747447679e+01
1.9835766312486062e+14 3.6238430731541532e-01 1.6403188377350247e+01
1.9839944022324412e+14 3.5952005788294911e-01 1.6452622888437059e+01
1.9844121732162762e+14 3.5667381875198417e-01 1.6501973299706727e+01
1.9848299442001112e+14 3.5384595555960946e-01 1.6551239650535376e+01
1.9852477151839462e+14 3.5103682320783569e-01 1.6600422001431490e+01
1.9856654861677812e+14 3.4824676586013953e-01 1.6649520434799310e+01
1.9860832571516162e+14 3.4547611693431202e-01 1.6698535055708607e+01
1.9865010281354512e+14 3.4272519909164323e-01 1.6747465992669547e+01
1.9869187991192862e+14 3.3999432422252451e-01 1.6796313398409787e+01
1.9873365701031212e+14 3.3728379342856879e-01 1.6845077450652088e+01
1.9877543410869566e+14 3.3459389700134606e-01 1.6893758352890053e+01
1.9881721120707916e+14 3.3192491439792632e-01 1.6942356335159101e+01
1.9885898830546266e+14 3.2927711421333777e-01 1.6990871654801186e+01
1.9890076540384616e+14 3.2665075415019801e-01 1.7039304597219076e+01
1.9894254250222966e+14 3.2404608098571602e-01 1.7087655476618586e+01
1.9898431960061316e+14 3.2146333053631837e-01 1.7135924636735304e+01
1.9902609669899666e+14 3.1890272762015326e-01 1.7184112451542966e+01
1.9906787379738016e+14 3.1636448601784062e-01 1.7232219325940175e+01
1.9910965089576366e+14 3.1384880843168877e-01 1.7280245696412798e+01
1.9915142799414716e+14 3.1135588644382473e-01 1.7328192031668060e+01
1.9919320509253066e+14 3.0888590047355263e-01 1.7376058833237593e+01
1.9923498219091416e+14 3.0643901973435744e-01 1.7423846636045887e+01
1.9927675928929766e+14 3.0401540219095768e-01 1.7471556008940539e+01
1.9931853638768116e+14 3.0161519451683427e-01 1.7519187555181471e+01
1.9936031348606466e+14 2.9923853205273099e-01 1.7566741912884961e+01
1.9940209058444816e+14 2.9688553876653667e-01 1.7614219755419537e+01
1.9944386768283166e+14 2.9455632721508096e-01 1.7661621791750346e+01
1.9948564478121516e+14 2.9225099850833353e-01 1.7708948766728309e+01
1.9952742187959866e+14 2.8996964227648947e-01 1.7756201461321428e+01
1.9956919897798216e+14 2.8771233664050894e-01 1.7803380692784341e+01
1.9961097607636566e+14 2.8547914818660208e-01 1.7850487314763530e+01
1.9965275317474916e+14 2.8327013194521344e-01 1.7897522217335091e+01
1.9969453027313266e+14 2.8108533137503239e-01 1.7944486326972324e+01
1.9973630737151616e+14 2.7892477835256796e-01 1.7991380606440146e+01
1.9977808446989966e+14 2.7678849316783338e-01 1.8038206054614729e+01
1.9981986156828316e+14 2.7467648452665533e-01 1.8084963706225061e+01
1.9986163866666666e+14 2.7258874956014140e-01 1.8131654631515197e+01
("port 2","mode 1",1,"port 2",1,"transmission")
(302, 3)
1.8737028625000000e+14 6.3725286196569947e-02 -1.6311544644295786e+00
1.8741206334838350e+14 6.3242141763199769e-02 -1.5464179700218708e+00
1.8745384044676700e+14 6.2731448600285747e-02 -1.4622826376670353e+00
1.8749561754515050e+14 6.2195883184113246e-02 -1.3788087565648681e+00
1.8753739464353400e+14 6.1638400947350722e-02 -1.2960546085041658e+00
1.8757917174191750e+14 6.1062232944303310e-02 -1.2140759065807640e+00
1.8762094884030100e+14 6.0470879115533831e-02 -1.1329251380677456e+00
1.8766272593868450e+14 5.9868097426717753e-02 -1.0526508055285448e+00
1.8770450303706800e+14 5.9257888126414263e-02 -9.7329656358024785e-01
1.8774628013545150e+14 5.8644472360727090e-02 -8.9490025347363444e-01
1.8778805723383500e+14 5.8032264409661291e-02 -8.1749284403364619e-01
1.8782983433221850e+14 5.7425836881588768e-02 -7.4109729561577264e-01
1.8787161143060200e+14 5.6829878331179848e-02 -6.6572737350760991e-01
1.8791338852898550e+14 5.6249142964121576e-02 -5.9138644833879661e-01
1.8795516562736900e+14 5.5688392368600646e-02 -5.1806633294408588e-01
1.8799694272575250e+14 5.5152329573537037e-02 -4.4574621676558646e-01
1.8803871982413600e+14 5.4645526173892386e-02 -3.7439176891502723e-01
1.8808049692251950e+14 5.4172343770264350e-02 -3.0395448776737333e-01
1.8812227402090300e+14 5.3736851516407232e-02 -2.3437137656963458e-01
1.8816405111928650e+14 5.3342742113414728e-02 -1.6556501929296558e-01
1.8820582821767000e+14 5.2993249079523602e-02 -9.7444117550354051e-02
1.8824760531605350e+14 5.2691068498062141e-02 -2.9904527425397436e-02
1.8828938241443700e+14 5.2438288641183023e-02 3.7169194707718241e-02
1.8833115951282050e+14 5.2236330830871959e-02 1.0390176368405839e-01
1.8837293661120400e+14 5.2085904599661115e-02 1.7042471822879382e-01
1.8841471370958750e+14 5.1986979649158910e-02 2.3687365401250488e-01
1.8845649080797100e+14 5.1938776307439996e-02 3.0338526478373617e-01
1.8849826790635450e+14 5.1939775222710066e-02 3.7009433697464794e-01
1.8854004500473800e+14 5.1987745991705324e-02 4.3713084745876629e-01
1.8858182210312150e+14 5.2079793410901368e-02 5.0461730437093177e-01
1.8862359920150500e+14 5.2212419155035578e-02 5.7266644852740778e-01
1.8866537629988853e+14 5.2381596010935290e-02 6.4137940122170289e-01
1.8870715339827203e+14 5.2582851372879255e-02 7.1084430736812376e-01
1.8874893049665553e+14 5.2811356552809829e-02 7.8113548572414360e-01
1.8879070759503903e+14 5.3062018554714652e-02 8.5231306433322906e-01
1.8883248469342253e+14 5.3329571262912656e-02 9.2442305239620937e-01
1.8887426179180603e+14 5.3608663438888517e-02 9.9749778110243381e-01
1.8891603889018953e+14 5.3893941447645387e-02 1.0715566358303117e+00
1.8895781598857303e+14 5.4180125183609019e-02 1.1466069997501596e+00
1.8899959308695653e+14 5.4462076190847593e-02 1.2226453327306179e+00
1.8904137018534003e+14 5.4734857439883183e-02 1.2996583177521337e+00
1.8908314728372353e+14 5.4993784613964702e-02 1.3776240179481336e+00
1.8912492438210703e+14 5.5234469064954009e-02 1.4565129993682984e+00
1.8916670148049053e+14 5.5452852824761291e-02 1.5362893863564056e+00
1.8920847857887403e+14 5.5645236211139912e-02 1.6169118272328211e+00
1.8925025567725753e+14 5.5808298658188635e-02 1.6983343572702887e+00
1.8929203277564103e+14 5.5939113445104507e-02 1.7805071535639490e+00
1.8933380987402453e+14 5.6035157003594731e-02 1.8633771823199636e+00
1.8937558697240803e+14 5.6094313466116853e-02 1.9468887434723066e+00
1.8941736407079153e+14 5.6114875082451665e-02 2.0309839206017619e+00
1.8945914116917503e+14 5.6095539088217905e-02 2.1156029461183294e+00
1.8950091826755853e+14 5.6035401560749203e-02 2.2006844928299798e+00
1.8954269536594203e+14 5.5933948748786572e-02 2.2861659035713870e+00
1.8958447246432553e+14 5.5791046314626669e-02 2.3719833707026550e+00
1.8962624956270903e+14 5.5606926881823719e-02 2.4580720771650397e+00
1.8966802666109253e+14 5.5382176238304617e-02 2.5443663105160144e+00
1.8970980375947603e+14 5.5117718503422564e-02 2.6307995610585415e+00
1.8975158085785953e+14 5.4814800527348564e-02 2.7173046148842603e+00
1.8979335795624303e+14 5.4474975751018305e-02 2.8038136524116872e+00
1.8983513505462653e+14 5.4100087713692270e-02 2.8902583628334182e+00
1.8987691215301003e+14 5.3692253351825293e-02 2.9765700847919176e+00
1.8991868925139353e+14 5.3253846186328786e-02 3.0626799835553289e+00
1.8996046634977703e+14 5.2787479444693169e-02 3.1485192749273301e+00
1.9000224344816053e+14 5.2295989109481258e-02 3.2340195060362920e+00
1.9004402054654403e+14 5.1782416825010120e-02 3.3191129029172370e+00
1.9008579764492753e+14 5.1249992530636695e-02 3.4037327943276434e+00
1.9012757474331103e+14 5.0702116622779854e-02 3.4878141203740842e+00
1.9016935184169453e+14 5.0142341380939690e-02 3.5712940331259619e+00
1.9021112894007803e+14 4.9574351328803522e-02 3.6541125942580517e+00
1.9025290603846153e+14 4.9001942144006820e-02 3.7362135717144160e+00
1.9029468313684503e+14 4.8428997685199315e-02 3.8175453332308784e+00
1.9033646023522853e+14 4.7859464679214370e-02 3.8980618291400226e+00
1.9037823733361203e+14 4.7297324612331888e-02 3.9777236501395974e+00
1.9042001443199553e+14 4.6746562406311552e-02 4.0564991376657709e+00
1.9046179153037903e+14 4.6211131540258001e-02 4.1343655154023544e+00
1.9050356862876253e+14 4.5694915410800577e-02 4.2113100007246063e+00
1.9054534572714603e+14 4.5201684910048320e-02 4.2873308452483734e+00
1.9058712282552953e+14 4.4735052443503585e-02 4.3624382451428945e+00
1.9062889992391303e+14 4.4298422902917196e-02 4.4366550557422935e+00
1.9067067702229653e+14 4.3894942438491555e-02 4.5100172426655964e+00
1.9071245412068003e+14 4.3527446218876761e-02 4.5825740045186603e+00
1.9075423121906353e+14 4.3198406696578151e-02 4.6543875114085118e+00
1.9079600831744703e+14 4.2909884174073910e-02 4.7255322194803959e+00
1.9083778541583053e+14 4.2663481654647790e-02 4.7960937441904505e+00
1.9087956251421403e+14 4.2460306025768543e-02 4.8661673027137713e+00
1.9092133961259753e+14 4.2300937536454246e-02 4.9358557663965641e+00
1.9096311671098103e+14 4.2185409282378301e-02 5.0052673943063599e+00
1.9100489380936453e+14 4.2113198012160111e-02 5.0745133451330116e+00
1.9104667090774803e+14 4.2083227043859375e-02 5.1437050835560418e+00
1.9108844800613153e+14 4.2093881478778440e-02 5.2129518061585021e+00
1.9113022510451506e+14 4.2143035277293191e-02 5.2823580097744891e+00
1.9117200220289856e+14 4.2228089179477117e-02 5.3520213121357409e+00
1.9121377930128206e+14 4.2346017965014464e-02 5.4220306126587818e+00
1.9125555639966556e+14 4.2493425192210534e-02 5.4924646531541317e+00
1.9129733349804906e+14 4.2666603355411122e-02 5.5633910076917230e+00
1.9133911059643256e+14 4.2861597354499563e-02 5.6348655012943709e+00
1.9138088769481606e+14 4.3074269262798441e-02 5.7069320314555272e+00
1.9142266479319956e+14 4.3300362581411317e-02 5.7796227466432413e+00
1.9146444189158306e+14 4.3535564443463889e-02 5.8529585228602521e+00
1.9150621898996656e+14 4.3775564544509378e-02 5.9269496729212028e+00
1.9154799608835006e+14 4.4016109893966045e-02 6.0015968225762055e+00
1.9158977318673356e+14 4.4253054781166624e-02 6.0768918917037285e+00
1.9163155028511706e+14 4.4482405611982752e-02 6.1528191260877376e+00
1.9167332738350056e+14 4.4700360488186042e-02 6.2293561344097759e+00
1.9171510448188406e+14 4.4903343569228565e-02 6.3064748948493312e+00
1.9175688158026756e+14 4.5088034377259861e-02 6.3841427052026427e+00
1.9179865867865106e+14 4.5251392285911220e-02 6.4623230590794520e+00
1.9184043577703456e+14 4.5390676479182317e-02 6.5409764381757132e+00
1.9188221287541806e+14 4.5503461685759389e-02 6.6200610167011025e+00
1.9192398997380156e+14 4.5587649993719399e-02 6.6995332787760162e+00
1.9196576707218506e+14 4.5641479037014994e-02 6.7793485531153586e+00
1.9200754417056856e+14 4.5663526823774066e-02 6.8594614717494053e+00
1.9204932126895206e+14 4.5652713451061137e-02 6.9398263610834929e+00
1.9209109836733556e+14 4.5608299924936195e-02 7.0203975744507305e+00
1.9213287546571906e+14 4.5529884279898139e-02 7.1011297756322742e+00
1.9217465256410256e+14 4.5417395169978045e-02 7.1819781827478231e+00
1.9221642966248606e+14 4.5271083085341828e-02 7.2628987815720567e+00
1.9225820676086956e+14 4.5091509333733577e-02 7.3438485167924590e+00
1.9229998385925306e+14 4.4879532915395086e-02 7.4247854690552693e+00
1.9234176095763656e+14 4.4636295413126990e-02 7.5056690248891886e+00
1.9238353805602006e+14 4.4363204015539434e-02 7.5864600457653681e+00
1.9242531515440356e+14 4.4061912791061517e-02 7.6671210416652738e+00
1.9246709225278706e+14 4.3734302332538930e-02 7.7476163535686444e+00
1.9250886935117056e+14 4.3382457896887161e-02 7.8279123482361372e+00
1.9255064644955406e+14 4.3008646171430298e-02 7.9079776275281901e+00
1.9259242354793756e+14 4.2615290807484121e-02 7.9877832532500230e+00
1.9263420064632106e+14 4.2204946873188036e-02 8.0673029871380848e+00
1.9267597774470456e+14 4.1780274390705391e-02 8.1465135440882808e+00
1.9271775484308806e+14 4.1344011138464393e-02 8.2253948550867797e+00
1.9275953194147156e+14 4.0898944916595889e-02 8.3039303345544582e+00
1.9280130903985506e+14 4.0447885493289072e-02 8.3821071450108313e+00
1.9284308613823856e+14 3.9993636471159250e-02 8.4599164501599571e+00
1.9288486323662206e+14 3.9538967335395685e-02 8.5373536458125461e+00
1.9292664033500556e+14 3.9086585968527474e-02 8.6144185565930975e+00
1.9296841743338906e+14 3.8639111939235610e-02 8.6911155852973749e+00
1.9301019453177256e+14 3.8199050892743509e-02 8.7674538012184726e+00
1.9305197163015606e+14 3.7768770386316021e-02 8.8434469539066836e+00
1.9309374872853956e+14 3.7350477522778994e-02 8.9191133998179311e+00
1.9313552582692306e+14 3.6946198735424339e-02 8.9944759312339855e+00
1.9317730292530656e+14 3.6557762066667943e-02 9.0695614997453120e+00
1.9321908002369006e+14 3.6186782258478926e-02 9.1444008304372204e+00
1.9326085712207356e+14 3.5834648933417659e-02 9.2190279275633493e+00
1.9330263422045706e+14 3.5502518090688773e-02 9.2934794776973249e+00
1.9334441131884056e+14 3.5191307072869375e-02 9.3677941617912079e+00
1.9338618841722406e+14 3.4901693077745120e-02 9.4420118928342269e+00
1.9342796551560756e+14 3.4634115199891610e-02 9.5161730004910368e+00
1.9346974261399106e+14 3.4388779892436702e-02 9.5903173877760022e+00
1.9351151971237456e+14 3.4165669646520527e-02 9.6644836871618338e+00
1.9355329681075806e+14 3.3964554599780317e-02 9.7387084442982221e+00
1.9359507390914156e+14 3.3785006711173113e-02 9.8130253566247259e+00
1.9359660086208747e+14 3.3778845468796337e-02 9.8157437854932788e+00
1.9363532405457916e+14 3.3632677121933227e-02 9.8847286900762903e+00
1.9363685100752506e+14 3.3627305011524805e-02 9.8874508360229445e+00
1.9367862810590856e+14 3.3490567105484308e-02 9.9620048664729115e+00
1.9372040520429209e+14 3.3372924904995729e-02 1.0036721040579334e+01
1.9376218230267559e+14 3.3273307197029180e-02 1.0111616483821415e+01
1.9380395940105909e+14 3.3190540117165573e-02 1.0186703313584211e+01
1.9384573649944259e+14 3.3123367596135926e-02 1.0261988556990074e+01
1.9388751359782609e+14 3.3070471341683956e-02 1.0337474192120935e+01
1.9392929069620959e+14 3.3030490046681273e-02 1.0413157302728544e+01
1.9397106779459309e+14 3.3002037573590423e-02 1.0489030333363118e+01
1.9401284489297659e+14 3.2983719923727811e-02 1.0565081429723090e+01
1.9405462199136009e+14 3.2974150854269545e-02 1.0641294847905423e+01
1.9409639908974359e+14 3.2971966054165115e-02 1.0717651416018919e+01
1.9413817618812709e+14 3.2975835830674698e-02 1.0794129032160837e+01
1.9417995328651059e+14 3.2984476290569262e-02 1.0870703183880764e+01
1.9422173038489409e+14 3.2996659024394311e-02 1.0947347475776706e+01
1.9426350748327759e+14 3.3011219319216550e-02 1.1024034153636492e+01
1.9430528458166109e+14 3.3027062936359736e-02 1.1100734615381329e+01
1.9434706168004459e+14 3.3043171496969594e-02 1.1177419900894144e+01
1.9438883877842809e+14 3.3058606521546546e-02 1.1254061154510801e+01
1.9443061587681159e+14 3.3072512171023687e-02 1.1330630055471699e+01
1.9447239297519509e+14 3.3084116738154611e-02 1.1407099212931394e+01
1.9451417007357859e+14 3.3092732939590669e-02 1.1483442523191410e+01
1.9455594717196209e+14 3.3097757062325393e-02 1.1559635487665364e+01
1.9459772427034559e+14 3.3098667023322981e-02 1.1635655490722142e+01
1.9463950136872909e+14 3.3095019408683146e-02 1.1711482037004423e+01
1.9468127846711259e+14 3.3086445568443902e-02 1.1787096948136323e+01
1.9472305556549609e+14 3.3072646855133191e-02 1.1862484518932359e+01
1.9476483266387959e+14 3.3053389107602832e-02 1.1937631633357894e+01
1.9480660976226309e+14 3.3028496496387713e-02 1.2012527840595508e+01
1.9484838686064659e+14 3.2997844861651977e-02 1.2087165391677168e+01
1.9489016395903009e+14 3.2961354689117026e-02 1.2161539237282176e+01
1.9493194105741359e+14 3.2918983882157762e-02 1.2235646987497802e+01
1.9497371815579709e+14 3.2870720498645478e-02 1.2309488834600073e+01
1.9501549525418059e+14 3.2816575628154418e-02 1.2383067440261678e+01
1.9505727235256409e+14 3.2756576588114893e-02 1.2456387789011140e+01
1.9509904945094759e+14 3.2690760615638720e-02 1.2529457010259698e+01
1.9514082654933109e+14 3.2619169224711725e-02 1.2602284171752691e+01
1.9518260364771459e+14 3.2541843385921101e-02 1.2674880047871749e+01
1.9522438074609809e+14 3.2458819667947551e-02 1.2747256866782154e+01
1.9526615784448159e+14 3.2370127456945855e-02 1.2819428040958497e+01
1.9530793494286509e+14 3.2275787342301403e-02 1.2891407886094246e+01
1.9534971204124859e+14 3.2175810725831769e-02 1.2963211333785694e+01
1.9539148913963209e+14 3.2070200677261344e-02 1.3034853643643688e+01
1.9543326623801559e+14 3.1958954023137524e-02 1.3106350120622816e+01
1.9547504333639909e+14 3.1842064620112256e-02 1.3177715843339463e+01
1.9551682043478259e+14 3.1719527728472856e-02 1.3248965408994451e+01
1.9555859753316609e+14 3.1591345368670885e-02 1.3320112700215843e+01
1.9560037463154959e+14 3.1457532513864420e-02 1.3391170678713534e+01
1.9564215172993309e+14 3.1318123945868158e-02 1.3462151210109601e+01
1.9568392882831659e+14 3.1173181581140436e-02 1.3533064923696994e+01
1.9572570592670009e+14 3.1022802058088977e-02 1.3603921110214740e+01
1.9576748302508359e+14 3.0867124367177267e-02 1.3674727660025747e+01
1.9580926012346709e+14 3.0706337301184761e-02 1.3745491043374853e+01
1.9585103722185059e+14 3.0540686504236914e-02 1.3816216333691242e+01
1.9589281432023409e+14 3.0370480904649479e-02 1.3886907274198883e+01
1.9593459141861759e+14 3.0196098327657454e-02 1.3957566387406306e+01
1.9597636851700109e+14 3.0017990099339170e-02 1.4028195126355019e+01
1.9601814561538459e+14 2.9836684471844222e-02 1.4098794065804586e+01
1.9605992271376809e+14 2.9652788721915496e-02 1.4169363130800935e+01
1.9610169981215159e+14 2.9466989799268303e-02 1.4239901859292088e+01
1.9614347691053512e+14 2.9280053428105430e-02 1.4310409694607944e+01
1.9618525400891862e+14 2.9092821593724533e-02 1.4380886302688362e+01
1.9622703110730212e+14 2.8906208376479101e-02 1.4451331907926610e+01
1.9626880820568562e+14 2.8721194127102015e-02 1.4521747640394771e+01
1.9631058530406912e+14 2.8538818010493495e-02 1.4592135886069617e+01
1.9635236240245262e+14 2.8360168979116918e-02 1.4662500630511008e+01
1.9639413950083612e+14 2.8186375272143561e-02 1.4732847785347408e+01
1.9643591659921962e+14 2.8018592571738755e-02 1.4803185485962890e+01
1.9647769369760312e+14 2.7857990983005534e-02 1.4873524348088731e+01
1.9651947079598662e+14 2.7705741038199817e-02 1.4943877670686177e+01
1.9656124789437012e+14 2.7562998957793971e-02 1.5014261572701866e+01
1.9660302499275362e+14 2.7430891429595310e-02 1.5084695052105189e+01
1.9664480209113712e+14 2.7310500190738437e-02 1.5155199957157844e+01
1.9668657918952062e+14 2.7202846714549887e-02 1.5225800862189740e+01
1.9672835628790412e+14 2.7108877313210399e-02 1.5296524843235215e+01
1.9677013338628762e+14 2.7029448966616458e-02 1.5367401152648995e+01
1.9681191048467112e+14 2.6965316176618914e-02 1.5438460796108579e+01
1.9685368758305462e+14 2.6917119123649698e-02 1.5509736019983229e+01
1.9689546468143812e+14 2.6885373369756625e-02 1.5581259721607067e+01
1.9693724177982162e+14 2.6870461309338539e-02 1.5653064799210899e+01
1.9697901887820512e+14 2.6872625518419308e-02 1.5725183461790010e+01
1.9702079597658862e+14 2.6891964097606098e-02 1.5797646521720857e+01
1.9706257307497212e+14 2.6928428046190646e-02 1.5870482694248793e+01
1.9710435017335562e+14 2.6981820648506395e-02 1.5943717927917810e+01
1.9714612727173912e+14 2.7051798802015296e-02 1.6017374788590537e+01
1.9718790437012262e+14 2.7137876172479387e-02 1.6091471917021966e+01
1.9722968146850612e+14 2.7239428027225298e-02 1.6166023576216318e+01
1.9727145856688962e+14 2.7355697574268974e-02 1.6241039300324989e+01
1.9731323566527312e+14 2.7485803623012010e-02 1.6316523651969565e+01
1.9735501276365662e+14 2.7628749381122229e-02 1.6392476089972966e+01
1.9739678986204012e+14 2.7783432209999799e-02 1.6468890944868651e+01
1.9743856696042362e+14 2.7948654176530262e-02 1.6545757495516455e+01
1.9748034405880712e+14 2.8123133258506950e-02 1.6623060136877545e+01
1.9752212115719062e+14 2.8305515083267823e-02 1.6700778626601974e+01
1.9756389825557412e+14 2.8494385101025380e-02 1.6778888396599118e+01
1.9760567535395762e+14 2.8688281114259244e-02 1.6857360915144763e+01
1.9764745245234112e+14 2.8885706100838189e-02 1.6936164085251832e+01
1.9768922955072462e+14 2.9085141280210558e-02 1.7015262665845320e+01
1.9773100664910812e+14 2.9285059378690297e-02 1.7094618703610379e+01
1.9777278374749162e+14 2.9483938051337772e-02 1.7174191965056917e+01
1.9781456084587512e+14 2.9680273414840912e-02 1.7253940360232964e+01
1.9785633794425862e+14 2.9872593638473409e-02 1.7333820351494651e+01
1.9789811504264212e+14 3.0059472529702803e-02 1.7413787342698726e+01
1.9793989214102562e+14 3.0239543038084602e-02 1.7493796046047336e+01
1.9798166923940912e+14 3.0411510586603744e-02 1.7573800825522547e+01
1.9802344633779262e+14 3.0574166124590463e-02 1.7653756017363879e+01
1.9806522343617612e+14 3.0726398781190101e-02 1.7733616229346161e+01
1.9810700053455962e+14 3.0867207984114128e-02 1.7813336621689629e+01
1.9814877763294312e+14 3.0995714895198995e-02 1.7892873173287104e+01
1.9819055473132662e+14 3.1111173002718824e-02 1.7972182937560522e+01
1.9823233182971012e+14 3.1212977700921747e-02 1.8051224292662226e+01
1.9827410892809362e+14 3.1300674679762913e-02 1.8129957190929400e+01
1.9831588602647712e+14 3.1373966943085668e-02 1.8208343412466139e+01
1.9835766312486062e+14 3.1432720271435954e-02 1.8286346827474706e+01
1.9839944022324412e+14 3.1476966946916173e-02 1.8363933671469582e+01
1.9844121732162762e+14 3.1506907562360735e-02 1.8441072836771031e+01
1.9848299442001112e+14 3.1522910746210872e-02 1.8517736182681229e+01
1.9852477151839462e+14 3.1525510648575512e-02 1.8593898865467544e+01
1.9856654861677812e+14 3.1515402053690293e-02 1.8669539687722128e+01
1.9860832571516162e+14 3.1493433010508602e-02 1.8744641464818603e+01
1.9865010281354512e+14 3.1460594907045905e-02 1.8819191404077387e+01
1.9869187991192862e+14 3.1418009956424874e-02 1.8893181489910621e+01
1.9873365701031212e+14 3.1366916113776643e-02 1.8966608865728304e+01
1.9877543410869566e+14 3.1308649503680494e-02 1.9039476200844771e+01
1.9881721120707916e+14 3.1244624507201234e-02 1.9111792028194763e+01
1.9885898830546266e+14 3.1176311734956118e-02 1.9183571036516177e+01
1.9890076540384616e+14 3.1105214196169611e-02 1.9254834299024836e+01
1.9894254250222966e+14 3.1032842060164656e-02 1.9325609419717750e+01
1.9898431960061316e+14 3.0960686492547507e-02 1.9395930578549926e+01
1.9902609669899666e+14 3.0890193128119286e-02 1.9465838458028493e+01
1.9906787379738016e+14 3.0822735810593270e-02 1.9535380036417592e+01
1.9910965089576366e+14 3.0759591279279040e-02 1.9604608236786945e+01
1.9915142799414716e+14 3.0701915508748415e-02 1.9673581426486304e+01
1.9919320509253066e+14 3.0650722403881409e-02 1.9742362768065568e+01
1.9923498219091416e+14 3.0606865515801746e-02 1.9811019429801050e+01
1.9927675928929766e+14 3.0571023372379616e-02 1.9879621671338256e+01
1.9931853638768116e+14 3.0543688911367110e-02 1.9948241826928850e+01
1.9936031348606466e+14 3.0525163368929596e-02 2.0016953214715944e+01
1.9940209058444816e+14 3.0515554818136278e-02 2.0085829004959812e+01
1.9944386768283166e+14 3.0514781380175174e-02 2.0154941082563465e+01
1.9948564478121516e+14 3.0522578956321329e-02 2.0224358939515280e+01
1.9952742187959866e+14 3.0538513162025886e-02 2.0294148630900231e+01
1.9956919897798216e+14 3.0561994996536265e-02 2.0364371824136704e+01
1.9961097607636566e+14 3.0592299660491831e-02 2.0435084965482481e+01
1.9965275317474916e+14 3.0628587846453351e-02 2.0506338581151471e+01
1.9969453027313266e+14 3.0669928776126901e-02 2.0578176723194208e+01
1.9973630737151616e+14 3.0715324243496954e-02 2.0650636563222555e+01
1.9977808446989966e+14 3.0763732942473029e-02 2.0723748130610552e+01
1.9981986156828316e+14 3.0814094406320790e-02 2.0797534186388436e+01
1.9986163866666666e+14 3.0865351958030265e-02 2.0872010219906876e+01
